Name,Symbol,Date,Open,High,Low,Close,Adj Close,Volume
HZM Coin USD,HZM-USD,2021-10-14,0.0126719996333122,0.013154000043869,0.0126719996333122,0.0131339998915791,0.0131339998915791,1006076
HZM Coin USD,HZM-USD,2021-10-15,0.0131339998915791,0.0134870000183582,0.0130629995837807,0.0134619995951652,0.0134619995951652,791442
HZM Coin USD,HZM-USD,2021-10-16,0.0134619995951652,0.0144109996035695,0.0133779998868703,0.0144090000540018,0.0144090000540018,1412290
HZM Coin USD,HZM-USD,2021-10-17,0.0144090000540018,0.0170760005712509,0.0142769999802112,0.0170740000903606,0.0170740000903606,2627527
HZM Coin USD,HZM-USD,2021-10-18,0.0170740000903606,0.0201219990849494,0.0166299995034933,0.0201149992644786,0.0201149992644786,3328990
HZM Coin USD,HZM-USD,2021-10-19,0.0201149992644786,0.0229759998619556,0.0199689995497465,0.0228739995509386,0.0228739995509386,4153937
HZM Coin USD,HZM-USD,2021-10-20,0.0228749997913837,0.0244290009140968,0.0227879993617534,0.0244270004332065,0.0244270004332065,3133934
HZM Coin USD,HZM-USD,2021-10-21,0.0244290009140968,0.0255510006099939,0.0238630007952451,0.0255449991673231,0.0255449991673231,3574402
HZM Coin USD,HZM-USD,2021-10-22,0.0255449991673231,0.0262800008058547,0.0252219997346401,0.0262770000845193,0.0262770000845193,2817988
HZM Coin USD,HZM-USD,2021-10-23,0.0262780003249645,0.0270489994436502,0.0259840004146099,0.0270479992032051,0.0270479992032051,2657965
HZM Coin USD,HZM-USD,2021-10-24,0.0270479992032051,0.0277800001204013,0.0266420003026723,0.0277520008385181,0.0277520008385181,3294415
HZM Coin USD,HZM-USD,2021-10-25,0.0277500003576278,0.0293519999831914,0.0277069993317127,0.0293519999831914,0.0293519999831914,2857387
HZM Coin USD,HZM-USD,2021-10-26,0.029348999261856,0.0331379994750022,0.0290290005505085,0.033135000616312,0.033135000616312,4919460
HZM Coin USD,HZM-USD,2021-10-27,0.0331379994750022,0.0366420000791549,0.0324559994041919,0.0366329997777938,0.0366329997777938,6241876
HZM Coin USD,HZM-USD,2021-10-28,0.0366309992969036,0.0416069999337196,0.0279479995369911,0.0416049994528293,0.0416049994528293,14342982
HZM Coin USD,HZM-USD,2021-10-29,0.0416079983115196,0.0433950014412403,0.0406950004398822,0.0433849990367889,0.0433849990367889,5338513
HZM Coin USD,HZM-USD,2021-10-30,0.0433860011398792,0.0468359999358654,0.0431119985878467,0.0453080013394355,0.0453080013394355,9111018
HZM Coin USD,HZM-USD,2021-10-31,0.0453110001981258,0.0503240004181861,0.0445649996399879,0.050305999815464,0.050305999815464,9905913
HZM Coin USD,HZM-USD,2021-11-01,0.0503030009567737,0.053236998617649,0.0501380003988742,0.0532249994575977,0.0532249994575977,6852408
HZM Coin USD,HZM-USD,2021-11-02,0.0532200001180172,0.0548020005226135,0.052871000021696,0.0531649999320507,0.0531649999320507,8145607
HZM Coin USD,HZM-USD,2021-11-03,0.0531659983098506,0.0571539998054504,0.0528029985725879,0.0571530014276504,0.0571530014276504,9630023
HZM Coin USD,HZM-USD,2021-11-04,0.0571530014276504,0.0596409998834133,0.0567959994077682,0.0595550015568733,0.0595550015568733,7581389
HZM Coin USD,HZM-USD,2021-11-05,0.0595499984920024,0.0605209991335868,0.041788000613451,0.0555559992790222,0.0555559992790222,45104802
HZM Coin USD,HZM-USD,2021-11-06,0.0555379986763,0.0665080025792121,0.0471250005066394,0.0477109998464584,0.0477109998464584,25060947
HZM Coin USD,HZM-USD,2021-11-07,0.0477190017700195,0.0519270002841949,0.0245350003242492,0.0355079993605613,0.0355079993605613,38256146
HZM Coin USD,HZM-USD,2021-11-08,0.0355079993605613,0.0360619984567165,0.0252020005136728,0.0298089999705553,0.0298089999705553,12517892
HZM Coin USD,HZM-USD,2021-11-09,0.0298079997301101,0.0493570007383823,0.0254299994558095,0.0353699997067451,0.0353699997067451,29110198
HZM Coin USD,HZM-USD,2021-11-10,0.0353670008480548,0.0383989997208118,0.0309989992529153,0.0325100012123584,0.0325100012123584,8545096
HZM Coin USD,HZM-USD,2021-11-11,0.0325080007314682,0.0343630015850067,0.0214019995182752,0.0247109998017549,0.0247109998017549,11646018
HZM Coin USD,HZM-USD,2021-11-12,0.0246789995580911,0.0248460005968809,0.0109019996598362,0.0150459995493292,0.0150459995493292,16353621
HZM Coin USD,HZM-USD,2021-11-13,0.0150640001520514,0.0182969998568296,0.0149980001151561,0.0156890004873275,0.0156890004873275,5491490
HZM Coin USD,HZM-USD,2021-11-14,0.0156880002468824,0.0168869998306036,0.0156880002468824,0.0168200004845857,0.0168200004845857,3439643
HZM Coin USD,HZM-USD,2021-11-15,0.016822999343276,0.029441000893712,0.0166810005903244,0.0239989999681711,0.0239989999681711,17198579
HZM Coin USD,HZM-USD,2021-11-16,0.0240359995514154,0.0273809991776943,0.0229209996759891,0.0248370002955198,0.0248370002955198,7442860
HZM Coin USD,HZM-USD,2021-11-17,0.0248329993337392,0.0258910004049539,0.0236239992082119,0.0238310005515813,0.0238310005515813,3193108
HZM Coin USD,HZM-USD,2021-11-18,0.0238290000706911,0.0244469996541738,0.0163819994777441,0.0187940001487731,0.0187940001487731,5749490
HZM Coin USD,HZM-USD,2021-11-19,0.0187919996678829,0.0220229998230934,0.0185419991612434,0.0200249999761581,0.0200249999761581,3622373
HZM Coin USD,HZM-USD,2021-11-20,0.0200229994952678,0.0212760008871555,0.0197640005499124,0.0200939998030662,0.0200939998030662,1930784
HZM Coin USD,HZM-USD,2021-11-21,0.0201069992035627,0.0209330003708601,0.0190699994564056,0.0197190009057521,0.0197190009057521,2444195
HZM Coin USD,HZM-USD,2021-11-22,0.0197110008448362,0.0199759993702173,0.0188699997961521,0.0192440003156662,0.0192440003156662,1528618
HZM Coin USD,HZM-USD,2021-11-23,0.019243000075221,0.0196039993315935,0.0184300001710653,0.0190740004181861,0.0190740004181861,1393056
HZM Coin USD,HZM-USD,2021-11-24,0.0190719999372959,0.0193809997290372,0.0101990001276135,0.0190350003540515,0.0190350003540515,1397096
HZM Coin USD,HZM-USD,2021-11-25,0.0134540004655718,0.0149779999628663,0.0106629999354481,0.0129880001768469,0.0129880001768469,9045662
HZM Coin USD,HZM-USD,2021-11-26,0.0110290003940463,0.0149999996647238,0.008623999543488,0.0119260000064969,0.0119260000064969,8521715
HZM Coin USD,HZM-USD,2021-11-27,0.0119249997660517,0.0135460002347826,0.01184600032866,0.0130730001255869,0.0130730001255869,1663826
HZM Coin USD,HZM-USD,2021-11-28,0.013069000095129,0.0137599995359778,0.0121320001780986,0.0126989996060729,0.0126989996060729,1740409
HZM Coin USD,HZM-USD,2021-11-29,0.0126970000565052,0.0128629999235272,0.0125080002471804,0.0125519996508955,0.0125519996508955,1014056
HZM Coin USD,HZM-USD,2021-11-30,0.0125489998608827,0.0126299997791647,0.0107370000332593,0.0112460004165768,0.0112460004165768,1468337
HZM Coin USD,HZM-USD,2021-12-01,0.0112439999356865,0.0117539996281266,0.010789000429213,0.0110919997096061,0.0110919997096061,1052133
HZM Coin USD,HZM-USD,2021-12-02,0.0110919997096061,0.0112039996311068,0.0095880003646016,0.0099210003390908,0.0099210003390908,1196435
HZM Coin USD,HZM-USD,2021-12-03,0.0099299997091293,0.0103040002286434,0.0096669998019933,0.0101020000874996,0.0101020000874996,1170123
HZM Coin USD,HZM-USD,2021-12-04,0.0101009998470544,0.0103860003873705,0.0089710000902414,0.0096239997074007,0.0096239997074007,1365594
HZM Coin USD,HZM-USD,2021-12-05,0.0096230003982782,0.0103900004178285,0.0089950002729892,0.009434999898076,0.009434999898076,998392
HZM Coin USD,HZM-USD,2021-12-06,0.0094360001385211,0.009719000197947,0.0087329996749758,0.0090650003403425,0.0090650003403425,673711
HZM Coin USD,HZM-USD,2021-12-07,0.0090680001303553,0.0091610001400113,0.0077129998244345,0.008042000234127,0.008042000234127,1074594
HZM Coin USD,HZM-USD,2021-12-08,0.0080429995432496,0.008445999585092,0.0079269995912909,0.0082710003480315,0.0082710003480315,709499
HZM Coin USD,HZM-USD,2021-12-09,0.0082620000466704,0.0095589999109506,0.0082029998302459,0.0084020001813769,0.0084020001813769,1100791
HZM Coin USD,HZM-USD,2021-12-10,0.0084049999713897,0.0086500002071261,0.0082879997789859,0.0085249999538064,0.0085249999538064,491703
HZM Coin USD,HZM-USD,2021-12-11,0.0085239997133612,0.0085260001942515,0.0083109997212886,0.0083790002390742,0.0083790002390742,309533
HZM Coin USD,HZM-USD,2021-12-12,0.008377999998629,0.0085460003465414,0.0083670001477003,0.0085420003160834,0.0085420003160834,433674
HZM Coin USD,HZM-USD,2021-12-13,0.0085460003465414,0.00857700034976,0.0080739995464682,0.0081709995865821,0.0081709995865821,474134
HZM Coin USD,HZM-USD,2021-12-14,0.0081709995865821,0.0084020001813769,0.0080019999295473,0.0081240003928542,0.0081240003928542,367098
HZM Coin USD,HZM-USD,2021-12-15,0.008123000152409,0.0090539995580911,0.0080040004104375,0.0081839999184012,0.0081839999184012,671993
HZM Coin USD,HZM-USD,2021-12-16,0.0081829996779561,0.0088419998064637,0.0079990001395344,0.0080040004104375,0.0080040004104375,868885
HZM Coin USD,HZM-USD,2021-12-17,0.0080059999600052,0.0083029996603727,0.0073250001296401,0.0075819999910891,0.0075819999910891,1145944
HZM Coin USD,HZM-USD,2021-12-18,0.0075790002010762,0.0077249999158084,0.0066439998336136,0.0071890000253915,0.0071890000253915,869046
HZM Coin USD,HZM-USD,2021-12-19,0.0071879997849464,0.0072869998402893,0.0061559998430311,0.00626299995929,0.00626299995929,439785
HZM Coin USD,HZM-USD,2021-12-20,0.006260999944061,0.0064380001276731,0.005638999864459,0.0059750000946223,0.0059750000946223,1369707
HZM Coin USD,HZM-USD,2021-12-21,0.0059750000946223,0.0062330001965165,0.0059310002252459,0.006006000097841,0.006006000097841,624910
HZM Coin USD,HZM-USD,2021-12-22,0.006006000097841,0.0061150002293288,0.0059480001218616,0.0059940000064671,0.0059940000064671,691611
HZM Coin USD,HZM-USD,2021-12-23,0.0059940000064671,0.0060580000281333,0.0048360000364482,0.0050369999371469,0.0050369999371469,1271729
HZM Coin USD,HZM-USD,2021-12-24,0.0050369999371469,0.0087209995836019,0.0043600001372396,0.0055740000680089,0.0055740000680089,2285828
HZM Coin USD,HZM-USD,2021-12-25,0.0055740000680089,0.0073509998619556,0.0055740000680089,0.0066789998672902,0.0066789998672902,1040429
HZM Coin USD,HZM-USD,2021-12-26,0.0066789998672902,0.0067409998737275,0.0059099998325109,0.0060390001162886,0.0060390001162886,731686
HZM Coin USD,HZM-USD,2021-12-27,0.0060379998758435,0.0064220000058412,0.005921000149101,0.0062799998559057,0.0062799998559057,530014
HZM Coin USD,HZM-USD,2021-12-28,0.0062819998711347,0.0063950000330805,0.0060100001282989,0.0061849998310208,0.0061849998310208,588677
HZM Coin USD,HZM-USD,2021-12-29,0.0061840000562369,0.0064190002158284,0.0060530002228915,0.0061960001476109,0.0061960001476109,497843
HZM Coin USD,HZM-USD,2021-12-30,0.0061960001476109,0.0064260000362992,0.0061139999888837,0.0062509998679161,0.0062509998679161,159139
HZM Coin USD,HZM-USD,2021-12-31,0.0062509998679161,0.0077650002203881,0.0061610001139342,0.0066869999282062,0.0066869999282062,589619
HZM Coin USD,HZM-USD,2022-01-01,0.0066869999282062,0.0126729998737573,0.0062009999528527,0.0092550003901124,0.0092550003901124,3651676
HZM Coin USD,HZM-USD,2022-01-02,0.0092540001496672,0.0121149998158216,0.0085690002888441,0.0086890002712607,0.0086890002712607,2224654
HZM Coin USD,HZM-USD,2022-01-03,0.0086890002712607,0.0097030000761151,0.0069499998353421,0.0081010004505515,0.0081010004505515,2689285
HZM Coin USD,HZM-USD,2022-01-04,0.0081010004505515,0.0087029999122023,0.0078649995848536,0.008305000141263,0.008305000141263,1104046
HZM Coin USD,HZM-USD,2022-01-05,0.008305000141263,0.0091979997232556,0.0081010004505515,0.008190999738872,0.008190999738872,1785736
HZM Coin USD,HZM-USD,2022-01-06,0.008190999738872,0.0085410000756382,0.0080810002982616,0.008271999657154,0.008271999657154,1380878
HZM Coin USD,HZM-USD,2022-01-07,0.008271999657154,0.0088020004332065,0.0081989997997879,0.0084520000964403,0.0084520000964403,1622886
HZM Coin USD,HZM-USD,2022-01-08,0.0084520000964403,0.0086019998416304,0.0069409999996423,0.0076009999029338,0.0076009999029338,2026764
HZM Coin USD,HZM-USD,2022-01-09,0.0076009999029338,0.0079990001395344,0.0073199998587369,0.0076129999943077,0.0076129999943077,1471837
HZM Coin USD,HZM-USD,2022-01-10,0.0076129999943077,0.0076759997755289,0.0072550000622868,0.0074459998868405,0.0074459998868405,798494
HZM Coin USD,HZM-USD,2022-01-11,0.0074459998868405,0.007501000072807,0.0066949999891221,0.0068339998833835,0.0068339998833835,1624179
HZM Coin USD,HZM-USD,2022-01-12,0.0068339998833835,0.0077430000528693,0.0065069999545812,0.0076359999366104,0.0076359999366104,1902942
HZM Coin USD,HZM-USD,2022-01-13,0.0076359999366104,0.0097460001707077,0.007333000190556,0.0079500004649162,0.0079500004649162,4401222
HZM Coin USD,HZM-USD,2022-01-14,0.0079500004649162,0.0080509996041655,0.0073389997705817,0.0076540000736713,0.0076540000736713,1466479
HZM Coin USD,HZM-USD,2022-01-15,0.0076540000736713,0.0077949999831616,0.0075530000030994,0.0075819999910891,0.0075819999910891,516136
HZM Coin USD,HZM-USD,2022-01-16,0.0075830002315342,0.0076669999398291,0.0071939998306334,0.0073620001785457,0.0073620001785457,1140707
HZM Coin USD,HZM-USD,2022-01-17,0.0073629999533295,0.0074880002066493,0.0071680000983178,0.0071979998610913,0.0071979998610913,569407
HZM Coin USD,HZM-USD,2022-01-18,0.0071979998610913,0.0075449999421834,0.0066650002263486,0.006878999993205,0.006878999993205,1588227
HZM Coin USD,HZM-USD,2022-01-19,0.006878999993205,0.0069780000485479,0.0067659998312592,0.0068680001422762,0.0068680001422762,459710
HZM Coin USD,HZM-USD,2022-01-20,0.0068680001422762,0.0071609998121857,0.006798000074923,0.0068859998136758,0.0068859998136758,284314
HZM Coin USD,HZM-USD,2022-01-21,0.0068859998136758,0.0069369999691843,0.0056010000407695,0.0059000002220273,0.0059000002220273,927240
HZM Coin USD,HZM-USD,2022-01-22,0.0059000002220273,0.0059910002164542,0.0051219998858869,0.0053880000486969,0.0053880000486969,434976
HZM Coin USD,HZM-USD,2022-01-23,0.0053880000486969,0.0067630000412464,0.0053790002129971,0.0060430001467466,0.0060430001467466,657308
HZM Coin USD,HZM-USD,2022-01-24,0.0060430001467466,0.0060749999247491,0.0053409999236464,0.0056679998524487,0.0056679998524487,529409
HZM Coin USD,HZM-USD,2022-01-25,0.0056679998524487,0.0058019999414682,0.0053770001977682,0.0055639999918639,0.0055639999918639,351108
HZM Coin USD,HZM-USD,2022-01-26,0.0055639999918639,0.0057919998653233,0.0054990001954138,0.0055680000223219,0.0055680000223219,283438
HZM Coin USD,HZM-USD,2022-01-27,0.0055680000223219,0.0060189999639987,0.0055120000615715,0.005642999894917,0.005642999894917,521415
HZM Coin USD,HZM-USD,2022-01-28,0.005642999894917,0.0061189997941255,0.005642999894917,0.0059989998117089,0.0059989998117089,332021
HZM Coin USD,HZM-USD,2022-01-29,0.0059989998117089,0.0091300001367926,0.0058389999903738,0.0061869998462498,0.0061869998462498,2345358
HZM Coin USD,HZM-USD,2022-01-30,0.0061869998462498,0.0070540001615881,0.0060680001042783,0.0065509998239576,0.0065509998239576,662162
HZM Coin USD,HZM-USD,2022-01-31,0.0065509998239576,0.0069090002216398,0.0064779999665915,0.0066160000860691,0.0066160000860691,374066
HZM Coin USD,HZM-USD,2022-02-01,0.0066160000860691,0.0066889999434351,0.0065509998239576,0.0066149998456239,0.0066149998456239,172414
HZM Coin USD,HZM-USD,2022-02-02,0.0066149998456239,0.006800000090152,0.0061510000377893,0.006258999928832,0.006258999928832,351595
HZM Coin USD,HZM-USD,2022-02-03,0.006258999928832,0.0065529998391866,0.0061300001107156,0.0062919999472796,0.0062919999472796,179959
HZM Coin USD,HZM-USD,2022-02-04,0.0062919999472796,0.0066129998303949,0.0062919999472796,0.0065009999088943,0.0065009999088943,198919
HZM Coin USD,HZM-USD,2022-02-05,0.0065009999088943,0.0065830000676214,0.0063280002214014,0.0063539999537169,0.0063539999537169,223582
HZM Coin USD,HZM-USD,2022-02-06,0.0063539999537169,0.006450000219047,0.0063359998166561,0.006351999938488,0.006351999938488,163383
HZM Coin USD,HZM-USD,2022-02-07,0.006351999938488,0.0064469999633729,0.0061010001227259,0.0061889998614788,0.0061889998614788,388037
HZM Coin USD,HZM-USD,2022-02-08,0.0061889998614788,0.0062899999320507,0.0061130002140998,0.006171999964863,0.006171999964863,152320
HZM Coin USD,HZM-USD,2022-02-09,0.006171999964863,0.0064509999938309,0.006171999964863,0.0063009997829794,0.0063009997829794,203876
HZM Coin USD,HZM-USD,2022-02-10,0.0063009997829794,0.0063700000755488,0.0055780000984668,0.0057359999045729,0.0057359999045729,551190
HZM Coin USD,HZM-USD,2022-02-11,0.0057359999045729,0.0060470001772046,0.0056579997763037,0.0058949999511241,0.0058949999511241,262938
HZM Coin USD,HZM-USD,2022-02-12,0.0058949999511241,0.0059549999423325,0.0055350000038743,0.0057689999230206,0.0057689999230206,163514
HZM Coin USD,HZM-USD,2022-02-13,0.0057689999230206,0.0058989999815821,0.0056590000167489,0.0057689999230206,0.0057689999230206,157369
HZM Coin USD,HZM-USD,2022-02-14,0.0057689999230206,0.0060450001619756,0.0057140002027153,0.0058059999719262,0.0058059999719262,144190
HZM Coin USD,HZM-USD,2022-02-15,0.0058059999719262,0.0061539998278021,0.0057379999198019,0.0059589999727904,0.0059589999727904,233256
HZM Coin USD,HZM-USD,2022-02-16,0.0059589999727904,0.0061690001748502,0.0058459998108446,0.0059310002252459,0.0059310002252459,158063
HZM Coin USD,HZM-USD,2022-02-17,0.0059310002252459,0.0059670000337064,0.0052370000630617,0.005291000008583,0.005291000008583,280841
HZM Coin USD,HZM-USD,2022-02-18,0.005291000008583,0.0055599999614059,0.0050010001286864,0.0054049999453127,0.0054049999453127,282916
HZM Coin USD,HZM-USD,2022-02-19,0.0054049999453127,0.0057120001874864,0.0050869998522102,0.0052169999107718,0.0052169999107718,276100
HZM Coin USD,HZM-USD,2022-02-20,0.0052169999107718,0.0052769999019801,0.0048340000212192,0.0049689998850226,0.0049689998850226,151637
HZM Coin USD,HZM-USD,2022-02-21,0.0049689998850226,0.0050630001351237,0.0047590001486241,0.0047889999113976,0.0047889999113976,203542
HZM Coin USD,HZM-USD,2022-02-22,0.0047889999113976,0.0049250000156462,0.0045349998399615,0.0046850000508129,0.0046850000508129,168682
HZM Coin USD,HZM-USD,2022-02-23,0.0046850000508129,0.0046939998865127,0.0039450000040233,0.0039499998092651,0.0039499998092651,249586
HZM Coin USD,HZM-USD,2022-02-24,0.0039499998092651,0.0040389997884631,0.0027469999622553,0.003569999942556,0.003569999942556,457987
HZM Coin USD,HZM-USD,2022-02-25,0.003569999942556,0.0041880002245306,0.0032659999560564,0.0037000000011175,0.0037000000011175,200805
HZM Coin USD,HZM-USD,2022-02-26,0.0037000000011175,0.0038159999530762,0.0035300001036375,0.0035749999806284,0.0035749999806284,88824
HZM Coin USD,HZM-USD,2022-02-27,0.0035749999806284,0.0036490000784397,0.0034169999416917,0.0035300001036375,0.0035300001036375,140219
HZM Coin USD,HZM-USD,2022-02-28,0.0035300001036375,0.0037569999694824,0.0034670000895857,0.0036869999021291,0.0036869999021291,65479
HZM Coin USD,HZM-USD,2022-03-01,0.0036869999021291,0.0038429999258369,0.0036730000283569,0.0037320000119507,0.0037320000119507,107491
HZM Coin USD,HZM-USD,2022-03-02,0.0037320000119507,0.0038540000095963,0.0036909999325871,0.0037930000107735,0.0037930000107735,81637
HZM Coin USD,HZM-USD,2022-03-03,0.0037930000107735,0.0038419999182224,0.003567999927327,0.0036420000251382,0.0036420000251382,68028
HZM Coin USD,HZM-USD,2022-03-04,0.0036420000251382,0.0037769998889416,0.0034940000623464,0.0035389999393373,0.0035389999393373,51416
HZM Coin USD,HZM-USD,2022-03-05,0.0035389999393373,0.0036939999554306,0.0034940000623464,0.0035250000655651,0.0035250000655651,19296
HZM Coin USD,HZM-USD,2022-03-06,0.0035250000655651,0.0036039999686181,0.0030459999106824,0.003256999887526,0.003256999887526,46798
HZM Coin USD,HZM-USD,2022-03-07,0.003256999887526,0.0037779998965561,0.0032490000594407,0.0033080000430345,0.0033080000430345,89308
HZM Coin USD,HZM-USD,2022-03-08,0.00330700003542,0.0037120000924915,0.00330700003542,0.0035870000720024,0.0035870000720024,69787
HZM Coin USD,HZM-USD,2022-03-09,0.0035870000720024,0.0040159998461604,0.0035860000643879,0.0037549999542534,0.0037549999542534,138804
HZM Coin USD,HZM-USD,2022-03-10,0.0037549999542534,0.0039989999495446,0.0036840001121163,0.0037620000075548,0.0037620000075548,54284
HZM Coin USD,HZM-USD,2022-03-11,0.0037620000075548,0.0039650001563131,0.0037380000576376,0.0038199999835342,0.0038199999835342,69512
HZM Coin USD,HZM-USD,2022-03-12,0.0038199999835342,0.0044720000587403,0.003796000033617,0.0041889999993145,0.0041889999993145,124140
HZM Coin USD,HZM-USD,2022-03-13,0.0041889999993145,0.0047280001454055,0.0041240002028644,0.004321000073105,0.004321000073105,121474
HZM Coin USD,HZM-USD,2022-03-14,0.004321000073105,0.0057049999013543,0.004321000073105,0.0052049998193979,0.0052049998193979,253941
HZM Coin USD,HZM-USD,2022-03-15,0.0052049998193979,0.0079589998349547,0.005119000095874,0.0055920002050697,0.0055920002050697,798885
HZM Coin USD,HZM-USD,2022-03-16,0.0055920002050697,0.0058929999358952,0.0053519997745752,0.0057080001570284,0.0057080001570284,154243
HZM Coin USD,HZM-USD,2022-03-17,0.0057080001570284,0.0057930001057684,0.0054850000888109,0.0056549999862909,0.0056549999862909,87155
HZM Coin USD,HZM-USD,2022-03-18,0.0056549999862909,0.0057359999045729,0.0055639999918639,0.0056850002147257,0.0056850002147257,60656
HZM Coin USD,HZM-USD,2022-03-19,0.0056850002147257,0.0057230000384151,0.0052339998073875,0.0052749998867511,0.0052749998867511,126758
HZM Coin USD,HZM-USD,2022-03-20,0.0052749998867511,0.005384000018239,0.004503000061959,0.0046390001662075,0.0046390001662075,196352
HZM Coin USD,HZM-USD,2022-03-21,0.0046379999257624,0.00504200020805,0.0046190000139176,0.0048870001919567,0.0048870001919567,131451
HZM Coin USD,HZM-USD,2022-03-22,0.0048870001919567,0.0056489999406039,0.004844999872148,0.0053500002250075,0.0053500002250075,383011
HZM Coin USD,HZM-USD,2022-03-23,0.0053500002250075,0.0064690001308918,0.005293000023812,0.0057910000905394,0.0057910000905394,696791
HZM Coin USD,HZM-USD,2022-03-24,0.0057910000905394,0.0061059999279677,0.0056980000808835,0.0058389999903738,0.0058389999903738,153012
HZM Coin USD,HZM-USD,2022-03-25,0.0058389999903738,0.006087000016123,0.0058220000937581,0.0059050000272691,0.0059050000272691,160770
HZM Coin USD,HZM-USD,2022-03-26,0.0059050000272691,0.0060140001587569,0.0057169999927282,0.00592300016433,0.00592300016433,64219
HZM Coin USD,HZM-USD,2022-03-27,0.00592300016433,0.0060999998822808,0.0058740000240504,0.005998000036925,0.005998000036925,124706
HZM Coin USD,HZM-USD,2022-03-28,0.005998000036925,0.0063080000691115,0.0059440000914037,0.0059710000641644,0.0059710000641644,200770
HZM Coin USD,HZM-USD,2022-03-29,0.0059710000641644,0.0061590000987052,0.0059099998325109,0.0059650000184774,0.0059650000184774,135712
HZM Coin USD,HZM-USD,2022-03-30,0.0059650000184774,0.0061369999311864,0.0059500001370906,0.0059750000946223,0.0059750000946223,92804
HZM Coin USD,HZM-USD,2022-03-31,0.0059739998541772,0.0060089998878538,0.005549999885261,0.0058450000360608,0.0058450000360608,152737
HZM Coin USD,HZM-USD,2022-04-01,0.0058450000360608,0.005901999771595,0.0056690000928938,0.0058200000785291,0.0058200000785291,111426
HZM Coin USD,HZM-USD,2022-04-02,0.0058200000785291,0.0058800000697374,0.0055869999341666,0.0056500001810491,0.0056500001810491,75071
HZM Coin USD,HZM-USD,2022-04-03,0.0056500001810491,0.005725999828428,0.005460999906063,0.0055820001289248,0.0055820001289248,71199
HZM Coin USD,HZM-USD,2022-04-04,0.0055820001289248,0.0056210001930594,0.0048349997960031,0.0050479997880756,0.0050479997880756,142110
HZM Coin USD,HZM-USD,2022-04-05,0.0050479997880756,0.0056949998252093,0.0048899999819695,0.0055650002323091,0.0055650002323091,137967
HZM Coin USD,HZM-USD,2022-04-06,0.0055650002323091,0.0056239999830722,0.005208000075072,0.005208000075072,0.005208000075072,115708
HZM Coin USD,HZM-USD,2022-04-07,0.005208000075072,0.0053039998747408,0.0051400000229477,0.0052290000021457,0.0052290000021457,213
HZM Coin USD,HZM-USD,2022-04-08,0.0052290000021457,0.0052629997953772,0.0051770000718533,0.0052459998987615,0.0052459998987615,27351
HZM Coin USD,HZM-USD,2022-04-09,0.0052459998987615,0.0053349998779594,0.0051979999989271,0.0052620000205934,0.0052620000205934,25037
HZM Coin USD,HZM-USD,2022-04-10,0.0052620000205934,0.0053349998779594,0.0052379998378455,0.0052820001728832,0.0052820001728832,67343
HZM Coin USD,HZM-USD,2022-04-11,0.0052820001728832,0.0053719999268651,0.005038000177592,0.0050969999283552,0.0050969999283552,107970
HZM Coin USD,HZM-USD,2022-04-12,0.0050969999283552,0.0053559998050332,0.0047909999266266,0.0053559998050332,0.0053559998050332,126306
HZM Coin USD,HZM-USD,2022-04-13,0.0053559998050332,0.0054350001737475,0.0052029998041689,0.0053550000302493,0.0053550000302493,109880
HZM Coin USD,HZM-USD,2022-04-14,0.0053550000302493,0.005460999906063,0.0052510001696646,0.0053920000791549,0.0053920000791549,77951
HZM Coin USD,HZM-USD,2022-04-15,0.0053920000791549,0.0059940000064671,0.0053790002129971,0.0054230000823736,0.0054230000823736,173900
HZM Coin USD,HZM-USD,2022-04-16,0.0054230000823736,0.0055180001072585,0.0053139999508857,0.0053489999845623,0.0053489999845623,74655
HZM Coin USD,HZM-USD,2022-04-17,0.0053480002097785,0.0053519997745752,0.0050409999676048,0.0050599998794496,0.0050599998794496,122624
HZM Coin USD,HZM-USD,2022-04-18,0.0050599998794496,0.0051589999347925,0.0048190001398324,0.004927999805659,0.004927999805659,107968
HZM Coin USD,HZM-USD,2022-04-19,0.004927999805659,0.0051839998923242,0.0048779998905956,0.0049459999427199,0.0049459999427199,101347
HZM Coin USD,HZM-USD,2022-04-20,0.004947000183165,0.0051279999315738,0.0045239999890327,0.0047490000724792,0.0047490000724792,119471
HZM Coin USD,HZM-USD,2022-04-21,0.0047490000724792,0.0048779998905956,0.0045850002206861,0.0046939998865127,0.0046939998865127,52688
HZM Coin USD,HZM-USD,2022-04-22,0.0046930001117289,0.0048070000484585,0.0045679998584091,0.0046819997951388,0.0046819997951388,49434
HZM Coin USD,HZM-USD,2022-04-23,0.0046819997951388,0.0047320001758635,0.0043910001404583,0.0045739999040961,0.0045739999040961,123093
HZM Coin USD,HZM-USD,2022-04-24,0.0045739999040961,0.0046069999225437,0.0043399999849498,0.0043990002013742,0.0043990002013742,38585
HZM Coin USD,HZM-USD,2022-04-25,0.0043990002013742,0.0044709998182952,0.0040310001932084,0.0041609997861087,0.0041609997861087,89556
HZM Coin USD,HZM-USD,2022-04-26,0.0041609997861087,0.0043480000458657,0.0040279999375343,0.0041589997708797,0.0041589997708797,65434
HZM Coin USD,HZM-USD,2022-04-27,0.0041589997708797,0.0044010002166032,0.0039840000681579,0.0041919997893273,0.0041919997893273,72512
HZM Coin USD,HZM-USD,2022-04-28,0.0041919997893273,0.0046140002086758,0.0039530000649392,0.004242000170052,0.004242000170052,584621
HZM Coin USD,HZM-USD,2022-04-29,0.004242000170052,0.0046069999225437,0.0040230001322925,0.0040859999135136,0.0040859999135136,59518
HZM Coin USD,HZM-USD,2022-04-30,0.0040859999135136,0.0044499998912215,0.0038870000280439,0.0039009999018162,0.0039009999018162,326557
HZM Coin USD,HZM-USD,2022-05-01,0.0039009999018162,0.0040520001202821,0.0038099999073892,0.0039849998429417,0.0039849998429417,49028
HZM Coin USD,HZM-USD,2022-05-02,0.0039849998429417,0.0041129998862743,0.0038880000356584,0.0039180000312626,0.0039180000312626,21620
HZM Coin USD,HZM-USD,2022-05-03,0.0039180000312626,0.0041609997861087,0.0036649999674409,0.0038920000661164,0.0038920000661164,49309
HZM Coin USD,HZM-USD,2022-05-04,0.0038920000661164,0.00404499983415,0.0038260000292211,0.0039039999246597,0.0039039999246597,31722
HZM Coin USD,HZM-USD,2022-05-05,0.0039039999246597,0.0039849998429417,0.0038060001097619,0.0038890000432729,0.0038890000432729,58805
HZM Coin USD,HZM-USD,2022-05-06,0.0038890000432729,0.0039309998974204,0.0037640000227838,0.0038469999562948,0.0038469999562948,46795
HZM Coin USD,HZM-USD,2022-05-07,0.0038469999562948,0.0038870000280439,0.00370500003919,0.0037950000260025,0.0037950000260025,26604
HZM Coin USD,HZM-USD,2022-05-08,0.0037950000260025,0.0039860000833868,0.0032639999408274,0.0037350000347942,0.0037350000347942,106005
HZM Coin USD,HZM-USD,2022-05-09,0.0037350000347942,0.0039059999398887,0.0031830000225454,0.0031830000225454,0.0031830000225454,93234
HZM Coin USD,HZM-USD,2022-05-10,0.0031830000225454,0.0036790000740438,0.0031489999964833,0.0033400000538676,0.0033400000538676,51319
HZM Coin USD,HZM-USD,2022-05-11,0.0033400000538676,0.0035850000567734,0.0024679999332875,0.0026569999754428,0.0026569999754428,120083
HZM Coin USD,HZM-USD,2022-05-12,0.0026569999754428,0.0028029999230057,0.0019330000504851,0.0020999999251216,0.0020999999251216,83421
HZM Coin USD,HZM-USD,2022-05-13,0.0020999999251216,0.0025510000996291,0.0020510000176727,0.0024270000867545,0.0024270000867545,81793
HZM Coin USD,HZM-USD,2022-05-14,0.0024270000867545,0.0027300000656396,0.0023169999476522,0.0025579999200999,0.0025579999200999,79118
HZM Coin USD,HZM-USD,2022-05-15,0.0025579999200999,0.0026539999525994,0.0024570000823587,0.0024949999060481,0.0024949999060481,25661
HZM Coin USD,HZM-USD,2022-05-16,0.0024949999060481,0.0025559999048709,0.0023229999933391,0.0024059999268501,0.0024059999268501,32203
HZM Coin USD,HZM-USD,2022-05-17,0.0024059999268501,0.0024830000475049,0.0023419999051839,0.0023550000041723,0.0023550000041723,33091
HZM Coin USD,HZM-USD,2022-05-18,0.0023550000041723,0.002430000109598,0.0023219999857246,0.002381999976933,0.002381999976933,26409
HZM Coin USD,HZM-USD,2022-05-19,0.002381999976933,0.002515000058338,0.0022720000706613,0.0024000001139938,0.0024000001139938,41762
HZM Coin USD,HZM-USD,2022-05-20,0.0024000001139938,0.002517000073567,0.0023560000117868,0.0023950000759214,0.0023950000759214,23866
HZM Coin USD,HZM-USD,2022-05-21,0.0023950000759214,0.0025319999549537,0.0023930000606924,0.0024339999072253,0.0024339999072253,20203
HZM Coin USD,HZM-USD,2022-05-22,0.0024339999072253,0.0024979999288916,0.0024029999040067,0.0024409999605268,0.0024409999605268,27374
HZM Coin USD,HZM-USD,2022-05-23,0.0024409999605268,0.0024900001008063,0.002422000048682,0.0024379999376833,0.0024379999376833,25045
HZM Coin USD,HZM-USD,2022-05-24,0.0024379999376833,0.0024679999332875,0.0022760001011192,0.0023590000346302,0.0023590000346302,21096
HZM Coin USD,HZM-USD,2022-05-25,0.0023590000346302,0.0024119999725371,0.0022789998911321,0.0023469999432563,0.0023469999432563,13954
HZM Coin USD,HZM-USD,2022-05-26,0.0023469999432563,0.0023469999432563,0.0019010000396519,0.0020769999828189,0.0020769999828189,47747
HZM Coin USD,HZM-USD,2022-05-27,0.0020769999828189,0.0021609999239444,0.0019450000254437,0.002064999891445,0.002064999891445,27140
HZM Coin USD,HZM-USD,2022-05-28,0.0020109999459236,0.0021279999054968,0.0019710001070052,0.002117000054568,0.002117000054568,22595
HZM Coin USD,HZM-USD,2022-05-29,0.002117000054568,0.0021679999772459,0.0020469999872148,0.002115000039339,0.002115000039339,12309
HZM Coin USD,HZM-USD,2022-05-30,0.002115000039339,0.0022960000205785,0.0021120000164955,0.0021480000577867,0.0021480000577867,44867
HZM Coin USD,HZM-USD,2022-05-31,0.0021480000577867,0.0025180000811815,0.0021369999740272,0.0025180000811815,0.0025180000811815,46020
HZM Coin USD,HZM-USD,2022-06-01,0.0025180000811815,0.0028129999991506,0.0023690001107752,0.0024530000519007,0.0024530000519007,76224
HZM Coin USD,HZM-USD,2022-06-02,0.0024530000519007,0.0025410000234842,0.0023650000803172,0.0024089999496936,0.0024089999496936,18576
HZM Coin USD,HZM-USD,2022-06-03,0.0024089999496936,0.0024470000062137,0.0023429999127984,0.0023429999127984,0.0023429999127984,19712
HZM Coin USD,HZM-USD,2022-06-04,0.0023429999127984,0.0023449999280273,0.0022479998879134,0.0022640000097453,0.0022640000097453,11733
HZM Coin USD,HZM-USD,2022-06-05,0.0022640000097453,0.0025669999886304,0.0022619999945163,0.0024619998876005,0.0024619998876005,25488
HZM Coin USD,HZM-USD,2022-06-06,0.0024619998876005,0.0027159999590367,0.0024619998876005,0.0025760000571608,0.0025760000571608,33768
HZM Coin USD,HZM-USD,2022-06-07,0.0025760000571608,0.0028440000023692,0.0025760000571608,0.0027189999818801,0.0027189999818801,21825
HZM Coin USD,HZM-USD,2022-06-08,0.0027189999818801,0.0028989999555051,0.002597999991849,0.0026489999145269,0.0026489999145269,21170
HZM Coin USD,HZM-USD,2022-06-09,0.0026489999145269,0.0031230000313371,0.0023990001063793,0.0031220000237226,0.0031220000237226,28782
HZM Coin USD,HZM-USD,2022-06-10,0.0031220000237226,0.0031560000497847,0.0025530001148581,0.002553999889642,0.002553999889642,12600
HZM Coin USD,HZM-USD,2022-06-11,0.002553999889642,0.0029770000837743,0.0024639999028295,0.0029259999282658,0.0029259999282658,16863
HZM Coin USD,HZM-USD,2022-06-12,0.0029259999282658,0.0029549999162554,0.0026599999982863,0.0027230000123381,0.0027230000123381,16088
HZM Coin USD,HZM-USD,2022-06-13,0.0027230000123381,0.0028429999947547,0.0024059999268501,0.0025019999593496,0.0025019999593496,37941
HZM Coin USD,HZM-USD,2022-06-14,0.0025019999593496,0.0025019999593496,0.0023340000770986,0.0024770000018179,0.0024770000018179,28009
HZM Coin USD,HZM-USD,2022-06-15,0.0024770000018179,0.0024780000094324,0.0023089998867362,0.0024190000258386,0.0024190000258386,18819
HZM Coin USD,HZM-USD,2022-06-16,0.0024180000182241,0.0026080000679939,0.0023640000727027,0.0024079999420791,0.0024079999420791,56457
HZM Coin USD,HZM-USD,2022-06-17,0.0024079999420791,0.0030060000717639,0.0023709998931735,0.0025299999397248,0.0025299999397248,21068
HZM Coin USD,HZM-USD,2022-06-18,0.0025299999397248,0.0025450000539422,0.0020399999339133,0.0020630001090466,0.0020630001090466,85908
HZM Coin USD,HZM-USD,2022-06-19,0.0020630001090466,0.0022740000858902,0.0020069999154657,0.0021699999924749,0.0021699999924749,43885
HZM Coin USD,HZM-USD,2022-06-20,0.0021699999924749,0.0024200000334531,0.0021490000654011,0.0023219999857246,0.0023219999857246,31530
HZM Coin USD,HZM-USD,2022-06-21,0.0023219999857246,0.0023499999660998,0.0022390000522136,0.0022780001163482,0.0022780001163482,59883
HZM Coin USD,HZM-USD,2022-06-22,0.0022780001163482,0.0023529999889433,0.0022219999227672,0.0022839999292045,0.0022839999292045,20022
HZM Coin USD,HZM-USD,2022-06-23,0.0022839999292045,0.0028039999306201,0.0022579999640583,0.0024679999332875,0.0024679999332875,63777
HZM Coin USD,HZM-USD,2022-06-24,0.0024679999332875,0.0026839999482035,0.0024069999344646,0.002600000007078,0.002600000007078,51179
HZM Coin USD,HZM-USD,2022-06-25,0.002600000007078,0.0029460000805556,0.0025820001028478,0.0027960001025348,0.0027960001025348,55581
HZM Coin USD,HZM-USD,2022-06-26,0.0027960001025348,0.0037159998901188,0.0027960001025348,0.0032929999288171,0.0032929999288171,171297
HZM Coin USD,HZM-USD,2022-06-27,0.0032929999288171,0.0034960000775754,0.0031039998866617,0.0031550000421702,0.0031550000421702,90722
HZM Coin USD,HZM-USD,2022-06-28,0.0031550000421702,0.0033690000418573,0.0031020001042634,0.0032649999484419,0.0032649999484419,64641
HZM Coin USD,HZM-USD,2022-06-29,0.0032649999484419,0.0033189998939633,0.0028820000588893,0.0029909999575465,0.0029909999575465,75927
HZM Coin USD,HZM-USD,2022-06-30,0.0029909999575465,0.003080999944359,0.002686999971047,0.0028349999338388,0.0028349999338388,52617
HZM Coin USD,HZM-USD,2022-07-01,0.0028349999338388,0.0031520000193268,0.002826000098139,0.0029970000032335,0.0029970000032335,33360
HZM Coin USD,HZM-USD,2022-07-02,0.0029970000032335,0.0031119999475777,0.0029279999434947,0.002998000010848,0.002998000010848,18943
HZM Coin USD,HZM-USD,2022-07-03,0.002998000010848,0.0030930000357329,0.0029490001033991,0.0030370000749826,0.0030370000749826,16605
HZM Coin USD,HZM-USD,2022-07-04,0.0030370000749826,0.0031989999115467,0.00299399998039,0.0031129999551922,0.0031129999551922,19092
HZM Coin USD,HZM-USD,2022-07-05,0.0031129999551922,0.0032440000213682,0.0030499999411404,0.0031399999279528,0.0031399999279528,39774
HZM Coin USD,HZM-USD,2022-07-06,0.0031399999279528,0.0032709999941289,0.0031190000008791,0.0032480000518262,0.0032480000518262,41083
HZM Coin USD,HZM-USD,2022-07-07,0.0032480000518262,0.0036579999141395,0.0030819999519735,0.0033869999460875,0.0033869999460875,43929
HZM Coin USD,HZM-USD,2022-07-08,0.0033869999460875,0.0035170000046491,0.0032699999865144,0.0034630000591278,0.0034630000591278,30807
HZM Coin USD,HZM-USD,2022-07-09,0.0034630000591278,0.003783999942243,0.0033599999733269,0.003713000100106,0.003713000100106,67263
HZM Coin USD,HZM-USD,2022-07-10,0.003713000100106,0.0044060000218451,0.0035860000643879,0.0038640000857412,0.0038640000857412,203076
HZM Coin USD,HZM-USD,2022-07-11,0.0038640000857412,0.0041780001483857,0.0038620000705122,0.0040199998766183,0.0040199998766183,70880
HZM Coin USD,HZM-USD,2022-07-12,0.0040199998766183,0.0043190000578761,0.0038149999454617,0.0040950002148747,0.0040950002148747,158577
HZM Coin USD,HZM-USD,2022-07-13,0.0040950002148747,0.0041290000081062,0.0038840000052005,0.0040369997732341,0.0040369997732341,99009
HZM Coin USD,HZM-USD,2022-07-14,0.0040369997732341,0.0041849999688565,0.0040040002204477,0.0041760001331567,0.0041760001331567,40858
HZM Coin USD,HZM-USD,2022-07-15,0.0041760001331567,0.0041760001331567,0.004064000211656,0.004135999828577,0.004135999828577,45038
HZM Coin USD,HZM-USD,2022-07-16,0.004135999828577,0.0041899997740983,0.0040699997916817,0.004135999828577,0.004135999828577,55357
HZM Coin USD,HZM-USD,2022-07-17,0.004135999828577,0.0044869999401271,0.0041330000385642,0.0044470001012086,0.0044470001012086,96714
HZM Coin USD,HZM-USD,2022-07-18,0.0044470001012086,0.0051640002056956,0.0043339999392628,0.0048949997872114,0.0048949997872114,266418
HZM Coin USD,HZM-USD,2022-07-19,0.0048949997872114,0.0060499999672174,0.0048940000124275,0.0060490001924335,0.0060490001924335,272232
HZM Coin USD,HZM-USD,2022-07-20,0.0060490001924335,0.0077039999887347,0.0057370001450181,0.0059859999455511,0.0059859999455511,596890
HZM Coin USD,HZM-USD,2022-07-21,0.0059859999455511,0.0060259997844696,0.0043759997934103,0.0048150001093745,0.0048150001093745,435060
HZM Coin USD,HZM-USD,2022-07-22,0.0048150001093745,0.0058800000697374,0.0046780002303421,0.0050459997728466,0.0050459997728466,186448
HZM Coin USD,HZM-USD,2022-07-23,0.0050459997728466,0.0054170000366866,0.0050449999980628,0.0054170000366866,0.0054170000366866,163006
HZM Coin USD,HZM-USD,2022-07-24,0.0054170000366866,0.0054660001769661,0.0051930001936852,0.0052579999901354,0.0052579999901354,162222
HZM Coin USD,HZM-USD,2022-07-25,0.0052579999901354,0.0052649998106062,0.0048170001246035,0.0049439999274909,0.0049439999274909,105492
HZM Coin USD,HZM-USD,2022-07-26,0.0049439999274909,0.004947000183165,0.0042980001308023,0.0045980000868439,0.0045980000868439,149035
HZM Coin USD,HZM-USD,2022-07-27,0.0045980000868439,0.0051199998706579,0.0044510001316666,0.0049800002016127,0.0049800002016127,140228
HZM Coin USD,HZM-USD,2022-07-28,0.0049800002016127,0.0052169999107718,0.0046060001477599,0.0048259999603033,0.0048259999603033,99023
HZM Coin USD,HZM-USD,2022-07-29,0.0048270002007484,0.0049080001190304,0.0047079999931156,0.004763999953866,0.004763999953866,87538
HZM Coin USD,HZM-USD,2022-07-30,0.004763999953866,0.0048650000244379,0.0045830002054572,0.0045850002206861,0.0045850002206861,68785
HZM Coin USD,HZM-USD,2022-07-31,0.0045850002206861,0.0047160000540316,0.0042610000818967,0.0043540000915527,0.0043540000915527,90575
HZM Coin USD,HZM-USD,2022-08-01,0.0043540000915527,0.004420000128448,0.003878999967128,0.0039409999735653,0.0039409999735653,144139
HZM Coin USD,HZM-USD,2022-08-02,0.0039409999735653,0.0042289998382329,0.0038759999442845,0.0041849999688565,0.0041849999688565,92989
HZM Coin USD,HZM-USD,2022-08-03,0.0041849999688565,0.0041849999688565,0.004048999864608,0.0040899999439716,0.0040899999439716,83769
HZM Coin USD,HZM-USD,2022-08-04,0.0040899999439716,0.0043190000578761,0.0040350002236664,0.0042779999785125,0.0042779999785125,76291
HZM Coin USD,HZM-USD,2022-08-05,0.0042779999785125,0.004592000041157,0.0042119999416172,0.0042409999296069,0.0042409999296069,65579
HZM Coin USD,HZM-USD,2022-08-06,0.0042409999296069,0.0043460000306367,0.0041109998710453,0.0042090001516044,0.0042090001516044,29025
HZM Coin USD,HZM-USD,2022-08-07,0.0042090001516044,0.0042739999480545,0.0040580001659691,0.0041539999656379,0.0041539999656379,73904
HZM Coin USD,HZM-USD,2022-08-08,0.0041539999656379,0.0042130001820623,0.0040679997764527,0.0041180001571774,0.0041180001571774,39554
HZM Coin USD,HZM-USD,2022-08-09,0.0041180001571774,0.0042190002277493,0.0040919999592006,0.0041450001299381,0.0041450001299381,82587
HZM Coin USD,HZM-USD,2022-08-10,0.0041450001299381,0.0042969998903572,0.0041450001299381,0.0042389999143779,0.0042389999143779,71235
HZM Coin USD,HZM-USD,2022-08-11,0.0042389999143779,0.0042500002309679,0.0041769999079406,0.004220999777317,0.004220999777317,48028
HZM Coin USD,HZM-USD,2022-08-12,0.004220999777317,0.0042799999937415,0.0041780001483857,0.0042719999328255,0.0042719999328255,69138
HZM Coin USD,HZM-USD,2022-08-13,0.0042719999328255,0.0042860000394284,0.0041930000297725,0.0041959998197853,0.0041959998197853,53812
HZM Coin USD,HZM-USD,2022-08-14,0.0041959998197853,0.0042320000939071,0.0041780001483857,0.0041780001483857,0.0041780001483857,114300
HZM Coin USD,HZM-USD,2022-08-15,0.0041780001483857,0.004313999786973,0.0041330000385642,0.004311999771744,0.004311999771744,118160
HZM Coin USD,HZM-USD,2022-08-16,0.004311999771744,0.0043669999577105,0.0042150001972913,0.0043440000154078,0.0043440000154078,189609
HZM Coin USD,HZM-USD,2022-08-17,0.0043440000154078,0.0043640001676976,0.0042949998751282,0.0043589998967945,0.0043589998967945,174183
HZM Coin USD,HZM-USD,2022-08-18,0.0043589998967945,0.0043589998967945,0.0042860000394284,0.0043480000458657,0.0043480000458657,181578
HZM Coin USD,HZM-USD,2022-08-19,0.0043480000458657,0.0043489998206496,0.0041669998317956,0.0041880002245306,0.0041880002245306,153484
HZM Coin USD,HZM-USD,2022-08-20,0.0041880002245306,0.0042139999568462,0.0040150000713765,0.004046999849379,0.004046999849379,75049
HZM Coin USD,HZM-USD,2022-08-21,0.004046999849379,0.0043859998695552,0.0039670001715421,0.0043339999392628,0.0043339999392628,59273
HZM Coin USD,HZM-USD,2022-08-22,0.0043339999392628,0.0044860001653432,0.0042730001732707,0.0042849997989833,0.0042849997989833,72496
HZM Coin USD,HZM-USD,2022-08-23,0.0042849997989833,0.0042849997989833,0.003258999902755,0.004238000139594,0.004238000139594,29397
HZM Coin USD,HZM-USD,2022-08-24,0.004238000139594,0.0043000001460313,0.0023179999552667,0.0041729998774826,0.0041729998774826,101137
HZM Coin USD,HZM-USD,2022-08-25,0.0041729998774826,0.0041740001179277,0.0041029998101294,0.0041029998101294,0.0041029998101294,59207
HZM Coin USD,HZM-USD,2022-08-26,0.0041029998101294,0.00412999978289,0.0039249998517334,0.0039249998517334,0.0039249998517334,39170
HZM Coin USD,HZM-USD,2022-08-27,0.0039249998517334,0.0040779998525977,0.0037529999390244,0.0038060001097619,0.0038060001097619,46750
HZM Coin USD,HZM-USD,2022-08-28,0.0038060001097619,0.0039490000344812,0.003701000008732,0.0039149997755885,0.0039149997755885,22930
HZM Coin USD,HZM-USD,2022-08-29,0.0039149997755885,0.0039860000833868,0.0039059999398887,0.0039459997788071,0.0039459997788071,17151
HZM Coin USD,HZM-USD,2022-08-30,0.0039459997788071,0.0039479997940361,0.0036299999337643,0.0037750001065433,0.0037750001065433,39029
HZM Coin USD,HZM-USD,2022-08-31,0.0037750001065433,0.0038350000977516,0.0037259999662637,0.0037889999803155,0.0037889999803155,28419
HZM Coin USD,HZM-USD,2022-09-01,0.0037889999803155,0.0038409999106079,0.0037710000760853,0.0038020000793039,0.0038020000793039,28389
HZM Coin USD,HZM-USD,2022-09-02,0.0038020000793039,0.0040770000778138,0.0037869999650865,0.0038719999138265,0.0038719999138265,63437
HZM Coin USD,HZM-USD,2022-09-03,0.0038719999138265,0.0041169999167323,0.0038719999138265,0.0039539998397231,0.0039539998397231,39546
HZM Coin USD,HZM-USD,2022-09-04,0.0039539998397231,0.0040629999712109,0.0039490000344812,0.0039869998581707,0.0039869998581707,34813
HZM Coin USD,HZM-USD,2022-09-05,0.0039869998581707,0.0040350002236664,0.0039519998244941,0.0040279999375343,0.0040279999375343,38813
HZM Coin USD,HZM-USD,2022-09-06,0.0040279999375343,0.0040290001779794,0.0037720000836998,0.0038280000444501,0.0038280000444501,68673
HZM Coin USD,HZM-USD,2022-09-07,0.0038280000444501,0.0039360001683235,0.003796000033617,0.0039289998821914,0.0039289998821914,38004
HZM Coin USD,HZM-USD,2022-09-08,0.0039289998821914,0.0039780000224709,0.0038640000857412,0.0039149997755885,0.0039149997755885,40121
HZM Coin USD,HZM-USD,2022-09-09,0.0039149997755885,0.0040629999712109,0.0038779999595135,0.0039349999278783,0.0039349999278783,57822
HZM Coin USD,HZM-USD,2022-09-10,0.0039349999278783,0.0039710002020001,0.003880999982357,0.0039409999735653,0.0039409999735653,36565
HZM Coin USD,HZM-USD,2022-09-11,0.0039409999735653,0.0042820000089704,0.0039329999126493,0.0041899997740983,0.0041899997740983,84901
HZM Coin USD,HZM-USD,2022-09-12,0.0041899997740983,0.005030000116676,0.0041899997740983,0.0047100000083446,0.0047100000083446,218429
HZM Coin USD,HZM-USD,2022-09-13,0.0047100000083446,0.0055300001986324,0.0046780002303421,0.0048890002071857,0.0048890002071857,184342
HZM Coin USD,HZM-USD,2022-09-14,0.004858000203967,0.0051950002089142,0.0048150001093745,0.0049499999731779,0.0049499999731779,94819
HZM Coin USD,HZM-USD,2022-09-15,0.0049499999731779,0.0051620001904666,0.0043150000274181,0.0046629998832941,0.0046629998832941,155331
HZM Coin USD,HZM-USD,2022-09-16,0.0046629998832941,0.004842999856919,0.0045429999008774,0.004668999928981,0.004668999928981,56732
HZM Coin USD,HZM-USD,2022-09-17,0.004668999928981,0.0048159998841583,0.0044280001893639,0.0044280001893639,0.0044280001893639,46250
HZM Coin USD,HZM-USD,2022-09-18,0.0044280001893639,0.0045710001140832,0.004042999818921,0.0041919997893273,0.0041919997893273,81311
HZM Coin USD,HZM-USD,2022-09-19,0.0041919997893273,0.0042030001059174,0.0037909999955445,0.0040879999287426,0.0040879999287426,55418
HZM Coin USD,HZM-USD,2022-09-20,0.0040879999287426,0.0040879999287426,0.0038489999715238,0.0038719999138265,0.0038719999138265,22371
HZM Coin USD,HZM-USD,2022-09-21,0.0038719999138265,0.0039929999038577,0.0037579999770969,0.0037730000913143,0.0037730000913143,27292
HZM Coin USD,HZM-USD,2022-09-22,0.0037740000989288,0.0040139998309314,0.0037730000913143,0.0039240000769495,0.0039240000769495,31811
HZM Coin USD,HZM-USD,2022-09-23,0.0039240000769495,0.0039920001290738,0.0038620000705122,0.0039670001715421,0.0039670001715421,20601
HZM Coin USD,HZM-USD,2022-09-24,0.0039670001715421,0.0039820000529289,0.0038109999150037,0.003882999997586,0.003882999997586,13246
HZM Coin USD,HZM-USD,2022-09-25,0.003882999997586,0.0040339999832212,0.0038139999378472,0.0038519999943673,0.0038519999943673,36600
HZM Coin USD,HZM-USD,2022-09-26,0.0038519999943673,0.0039690001867711,0.0038089998997747,0.0038680001161992,0.0038680001161992,24333
HZM Coin USD,HZM-USD,2022-09-27,0.0038680001161992,0.0039849998429417,0.0037269999738782,0.0037829999346286,0.0037829999346286,45779
HZM Coin USD,HZM-USD,2022-09-28,0.0037829999346286,0.0037829999346286,0.0033730000723153,0.0035010001156479,0.0035010001156479,37872
HZM Coin USD,HZM-USD,2022-09-29,0.0035010001156479,0.0037579999770969,0.0035010001156479,0.0036130000371485,0.0036130000371485,14482
HZM Coin USD,HZM-USD,2022-09-30,0.0036130000371485,0.0036359999794512,0.0033789998851716,0.0035159999970346,0.0035159999970346,20831
HZM Coin USD,HZM-USD,2022-10-01,0.0035159999970346,0.0035550000611692,0.0032720000017434,0.0032929999288171,0.0032929999288171,36785
HZM Coin USD,HZM-USD,2022-10-02,0.0032929999288171,0.0034439999144524,0.0032720000017434,0.0033519999124109,0.0033519999124109,20595
HZM Coin USD,HZM-USD,2022-10-03,0.0033519999124109,0.0034419998992234,0.0031369999051094,0.0031399999279528,0.0031399999279528,22399
HZM Coin USD,HZM-USD,2022-10-04,0.0031399999279528,0.0034040000755339,0.0030749998986721,0.0032689999788999,0.0032689999788999,9616
HZM Coin USD,HZM-USD,2022-10-05,0.0032689999788999,0.0033009999897331,0.0031230000313371,0.0031240000389516,0.0031240000389516,26733
HZM Coin USD,HZM-USD,2022-10-06,0.0031240000389516,0.003165999893099,0.0028840000741183,0.0029309999663382,0.0029309999663382,19228
HZM Coin USD,HZM-USD,2022-10-07,0.0029309999663382,0.0031500000040978,0.0028989999555051,0.0030090000946074,0.0030090000946074,26930
HZM Coin USD,HZM-USD,2022-10-08,0.0030090000946074,0.0030839999672025,0.0028939999174326,0.0028939999174326,0.0028939999174326,16764
HZM Coin USD,HZM-USD,2022-10-09,0.0028939999174326,0.0030549999792128,0.0028570001013576,0.0028999999631196,0.0028999999631196,16309
HZM Coin USD,HZM-USD,2022-10-10,0.0028999999631196,0.0030249999836087,0.002771999919787,0.002905000001192,0.002905000001192,12444
HZM Coin USD,HZM-USD,2022-10-11,0.002905000001192,0.00290900003165,0.0027149999514222,0.0027419999241828,0.0027419999241828,16079
HZM Coin USD,HZM-USD,2022-10-12,0.0027419999241828,0.0028170000296086,0.0026499999221414,0.0027199999894946,0.0027199999894946,7122
HZM Coin USD,HZM-USD,2022-10-13,0.0027199999894946,0.0027439999394118,0.002375999931246,0.0026920000091195,0.0026920000091195,49981
HZM Coin USD,HZM-USD,2022-10-14,0.0026920000091195,0.0027459999546408,0.0025639999657869,0.0026110000908374,0.0026110000908374,11398
HZM Coin USD,HZM-USD,2022-10-15,0.0026110000908374,0.0027089999057352,0.0025639999657869,0.0026149998884648,0.0026149998884648,6045
HZM Coin USD,HZM-USD,2022-10-16,0.0026149998884648,0.0028069999534636,0.0025420000310987,0.0027199999894946,0.0027199999894946,20720
HZM Coin USD,HZM-USD,2022-10-17,0.0027199999894946,0.0028520000632852,0.002602000022307,0.0027089999057352,0.0027089999057352,15815
HZM Coin USD,HZM-USD,2022-10-18,0.0027089999057352,0.0029410000424832,0.0027089999057352,0.0027850000187754,0.0027850000187754,8626
HZM Coin USD,HZM-USD,2022-10-19,0.0027850000187754,0.0031890000682324,0.0027819999959319,0.0030539999715983,0.0030539999715983,42542
HZM Coin USD,HZM-USD,2022-10-20,0.0030539999715983,0.0031020001042634,0.0027060001157224,0.0028530000708997,0.0028530000708997,28901
HZM Coin USD,HZM-USD,2022-10-21,0.0028530000708997,0.0028750000055879,0.0026750001125037,0.0027860000263899,0.0027860000263899,7713
HZM Coin USD,HZM-USD,2022-10-22,0.0027860000263899,0.0033299999777227,0.0027560000307857,0.0028059999458491,0.0028059999458491,36070
HZM Coin USD,HZM-USD,2022-10-23,0.0028059999458491,0.0029259999282658,0.0027670001145452,0.0028250000905245,0.0028250000905245,15274
HZM Coin USD,HZM-USD,2022-10-24,0.0028250000905245,0.0028780000284314,0.0027030000928789,0.0027030000928789,0.0027030000928789,13179
HZM Coin USD,HZM-USD,2022-10-25,0.0027030000928789,0.00282400008291,0.0026509999297559,0.0027020000852644,0.0027020000852644,7730
HZM Coin USD,HZM-USD,2022-10-26,0.0027020000852644,0.0029740000609308,0.0026759998872876,0.0028989999555051,0.0028989999555051,26404
HZM Coin USD,HZM-USD,2022-10-27,0.0028989999555051,0.0029829998966306,0.0028270001057535,0.0028319999109953,0.0028319999109953,6363
HZM Coin USD,HZM-USD,2022-10-28,0.0028319999109953,0.0029229999054223,0.0028319999109953,0.0028699999675154,0.0028699999675154,5639
HZM Coin USD,HZM-USD,2022-10-29,0.0028699999675154,0.00290900003165,0.0025820001028478,0.0027689998969435,0.0027689998969435,24973
HZM Coin USD,HZM-USD,2022-10-30,0.0027689998969435,0.0028099999763071,0.0027189999818801,0.0027769999578595,0.0027769999578595,6163
HZM Coin USD,HZM-USD,2022-10-31,0.0027769999578595,0.0028329999186098,0.0027209999971091,0.0027360001113265,0.0027360001113265,10423
HZM Coin USD,HZM-USD,2022-11-01,0.0027360001113265,0.0027660001069307,0.0026740001048892,0.0027069998905062,0.0027069998905062,12813
HZM Coin USD,HZM-USD,2022-11-02,0.0027069998905062,0.0027419999241828,0.0025490000844001,0.0025490000844001,0.0025490000844001,17025
HZM Coin USD,HZM-USD,2022-11-03,0.0025490000844001,0.0026769998949021,0.0025279999244958,0.0025299999397248,0.0025299999397248,10036
HZM Coin USD,HZM-USD,2022-11-04,0.0025299999397248,0.0026229999493807,0.0024989999365061,0.0025770000647753,0.0025770000647753,19577
HZM Coin USD,HZM-USD,2022-11-05,0.0025770000647753,0.0027310000732541,0.0025530001148581,0.0025669999886304,0.0025669999886304,56977
HZM Coin USD,HZM-USD,2022-11-06,0.0025669999886304,0.0027360001113265,0.0025669999886304,0.0026980000548064,0.0026980000548064,27212
HZM Coin USD,HZM-USD,2022-11-07,0.0026980000548064,0.0027819999959319,0.0026899999938905,0.0027340000960975,0.0027340000960975,9850
HZM Coin USD,HZM-USD,2022-11-08,0.0027340000960975,0.0027340000960975,0.0024069999344646,0.0024149999953806,0.0024149999953806,28264
HZM Coin USD,HZM-USD,2022-11-09,0.0024149999953806,0.0025359999854117,0.0021490000654011,0.0022130000870674,0.0022130000870674,19234
HZM Coin USD,HZM-USD,2022-11-10,0.0022130000870674,0.0023920000530779,0.0020800000056624,0.0022730000782757,0.0022730000782757,20545
HZM Coin USD,HZM-USD,2022-11-11,0.0022730000782757,0.0023789999540895,0.0022120000794529,0.0022960000205785,0.0022960000205785,13433
HZM Coin USD,HZM-USD,2022-11-12,0.0022960000205785,0.0024029999040067,0.0022450000979006,0.0023620000574737,0.0023620000574737,13151
HZM Coin USD,HZM-USD,2022-11-13,0.0023620000574737,0.0025559999048709,0.0023459999356418,0.0024590000975877,0.0024590000975877,19084
HZM Coin USD,HZM-USD,2022-11-14,0.0024590000975877,0.0025289999321103,0.0023169999476522,0.002466999925673,0.002466999925673,6825
HZM Coin USD,HZM-USD,2022-11-15,0.002466999925673,0.002521000104025,0.0020179999992251,0.0022809999063611,0.0022809999063611,45871
HZM Coin USD,HZM-USD,2022-11-16,0.0022809999063611,0.0023240000009536,0.0021309999283403,0.0021480000577867,0.0021480000577867,48156
HZM Coin USD,HZM-USD,2022-11-17,0.0021480000577867,0.0022710000630468,0.0020989999175071,0.0022279999684542,0.0022279999684542,7715
HZM Coin USD,HZM-USD,2022-11-18,0.0022279999684542,0.0022609999869018,0.0020739999599754,0.0021039999555796,0.0021039999555796,17734
HZM Coin USD,HZM-USD,2022-11-19,0.0021039999555796,0.0021830000914633,0.0019519999623298,0.0020530000329017,0.0020530000329017,44046
HZM Coin USD,HZM-USD,2022-11-20,0.0020530000329017,0.0020530000329017,0.0018820000113919,0.0019310000352561,0.0019310000352561,34188
HZM Coin USD,HZM-USD,2022-11-21,0.0019310000352561,0.0019640000537037,0.0016589999431744,0.0018329999875277,0.0018329999875277,30805
HZM Coin USD,HZM-USD,2022-11-22,0.0018329999875277,0.0018329999875277,0.001587999984622,0.0017320000333711,0.0017320000333711,30342
HZM Coin USD,HZM-USD,2022-11-23,0.0017320000333711,0.001801999984309,0.0016850000247359,0.0017770000267773,0.0017770000267773,21281
HZM Coin USD,HZM-USD,2022-11-24,0.0017770000267773,0.0019109999993816,0.0017529999604448,0.0018179999897256,0.0018179999897256,16852
HZM Coin USD,HZM-USD,2022-11-25,0.0018179999897256,0.0018500000005587,0.0017529999604448,0.0017930000321939,0.0017930000321939,12602
HZM Coin USD,HZM-USD,2022-11-26,0.0017930000321939,0.0019559999927878,0.0017529999604448,0.0019399999873712,0.0019399999873712,26196
HZM Coin USD,HZM-USD,2022-11-27,0.0019399999873712,0.0019399999873712,0.0016890000551939,0.0017630000365898,0.0017630000365898,23565
HZM Coin USD,HZM-USD,2022-11-28,0.0017630000365898,0.0017630000365898,0.0016720000421628,0.0017350000562146,0.0017350000562146,5543
HZM Coin USD,HZM-USD,2022-11-29,0.0017350000562146,0.0017719999887049,0.001700000022538,0.0017099999822676,0.0017099999822676,5285
HZM Coin USD,HZM-USD,2022-11-30,0.0017099999822676,0.0017740000039339,0.0017089999746531,0.0017480000387877,0.0017480000387877,5561
HZM Coin USD,HZM-USD,2022-12-01,0.0017480000387877,0.0017740000039339,0.0017030000453814,0.0017030000453814,0.0017030000453814,6363
HZM Coin USD,HZM-USD,2022-12-02,0.0017030000453814,0.0017419999931007,0.0016639999812468,0.0016759999562054,0.0016759999562054,9896
HZM Coin USD,HZM-USD,2022-12-03,0.0016759999562054,0.0017509999452158,0.0016759999562054,0.0016870000399649,0.0016870000399649,5123
HZM Coin USD,HZM-USD,2022-12-04,0.0016870000399649,0.0017490000464022,0.0016860000323504,0.0017209999496117,0.0017209999496117,3094
HZM Coin USD,HZM-USD,2022-12-05,0.0017209999496117,0.0017620000289753,0.00169599999208,0.0017290000105276,0.0017290000105276,1725
HZM Coin USD,HZM-USD,2022-12-06,0.0017290000105276,0.0017719999887049,0.0014540000120177,0.0015249999705702,0.0015249999705702,14882
HZM Coin USD,HZM-USD,2022-12-07,0.0015249999705702,0.0015910000074654,0.0014890000456944,0.001518000033684,0.001518000033684,5563
HZM Coin USD,HZM-USD,2022-12-08,0.001518000033684,0.0015589999966323,0.0014649999793618,0.0015300000086426,0.0015300000086426,2761
HZM Coin USD,HZM-USD,2022-12-09,0.0015300000086426,0.0015650000423192,0.0015000000130385,0.0015259999781847,0.0015259999781847,3532
HZM Coin USD,HZM-USD,2022-12-10,0.0015259999781847,0.0015589999966323,0.0014900000533089,0.0015330000314861,0.0015330000314861,4599
HZM Coin USD,HZM-USD,2022-12-11,0.0015330000314861,0.0016749999485909,0.0015330000314861,0.0015970000531524,0.0015970000531524,4429
HZM Coin USD,HZM-USD,2022-12-12,0.0015970000531524,0.0016179999802261,0.0015579999890178,0.0015640000347048,0.0015640000347048,3304
HZM Coin USD,HZM-USD,2022-12-13,0.0015640000347048,0.0016319999704137,0.0015239999629557,0.0015549999661743,0.0015549999661743,4658
HZM Coin USD,HZM-USD,2022-12-14,0.0015549999661743,0.0016380000161007,0.0015549999661743,0.001585999969393,0.001585999969393,4125
HZM Coin USD,HZM-USD,2022-12-15,0.001585999969393,0.0016639999812468,0.0015409999759867,0.0015409999759867,0.0015409999759867,3115
HZM Coin USD,HZM-USD,2022-12-16,0.0015409999759867,0.0015589999966323,0.0015020000282675,0.0015040000434964,0.0015040000434964,17371
HZM Coin USD,HZM-USD,2022-12-17,0.0015040000434964,0.0015739999944344,0.0014740000478923,0.0015450000064447,0.0015450000064447,3288
HZM Coin USD,HZM-USD,2022-12-18,0.0015450000064447,0.0015500000445172,0.0015069999499246,0.0015360000543296,0.0015360000543296,1092
HZM Coin USD,HZM-USD,2022-12-19,0.0015360000543296,0.0015670000575482,0.001403999980539,0.0014509999891743,0.0014509999891743,13071
HZM Coin USD,HZM-USD,2022-12-20,0.0014509999891743,0.001520000048913,0.0014509999891743,0.0014759999467059,0.0014759999467059,3658
HZM Coin USD,HZM-USD,2022-12-21,0.0014759999467059,0.0015229999553412,0.0014570000348612,0.0015059999423101,0.0015059999423101,3772
HZM Coin USD,HZM-USD,2022-12-22,0.0015059999423101,0.0015059999423101,0.0014410000294446,0.0014440000522881,0.0014440000522881,2270
HZM Coin USD,HZM-USD,2022-12-23,0.0014440000522881,0.0014700000174343,0.0014440000522881,0.0014479999663308,0.0014479999663308,1392
HZM Coin USD,HZM-USD,2022-12-24,0.0014479999663308,0.0014880000380799,0.0013960000360384,0.0014629999641329,0.0014629999641329,1619
HZM Coin USD,HZM-USD,2022-12-25,0.0014629999641329,0.0015150000108405,0.0013960000360384,0.001496999990195,0.001496999990195,5596
HZM Coin USD,HZM-USD,2022-12-26,0.001496999990195,0.0014979999978095,0.001414000056684,0.001429000054486,0.001429000054486,10835
HZM Coin USD,HZM-USD,2022-12-27,0.001429000054486,0.0014830000000074,0.001410000026226,0.0014420000370591,0.0014420000370591,1431
HZM Coin USD,HZM-USD,2022-12-28,0.0014420000370591,0.0014609999489039,0.0013350000372156,0.0013350000372156,0.0013350000372156,6129
HZM Coin USD,HZM-USD,2022-12-29,0.0013350000372156,0.0014169999631121,0.0013350000372156,0.0013589999871328,0.0013589999871328,5008
HZM Coin USD,HZM-USD,2022-12-30,0.0013589999871328,0.0013879999751225,0.0010519999777898,0.0012430000351741,0.0012430000351741,12354
HZM Coin USD,HZM-USD,2022-12-31,0.0012430000351741,0.0012750000460073,0.0011289999820291,0.0011419999646022,0.0011419999646022,1943
HZM Coin USD,HZM-USD,2023-01-01,0.0011419999646022,0.0012639999622479,0.0011080000549554,0.0011699999449774,0.0011699999449774,5119
HZM Coin USD,HZM-USD,2023-01-02,0.0011699999449774,0.0012440000427886,0.0011249999515712,0.0011480000102892,0.0011480000102892,9530
HZM Coin USD,HZM-USD,2023-01-03,0.0011480000102892,0.001209000009112,0.0010519999777898,0.001105000032112,0.001105000032112,24004
HZM Coin USD,HZM-USD,2023-01-04,0.001105000032112,0.0011409999569877,0.0010410000104457,0.0010770000517368,0.0010770000517368,16900
HZM Coin USD,HZM-USD,2023-01-05,0.0010770000517368,0.0011149999918416,0.0009970000246539,0.0010239999974146,0.0010239999974146,12106
HZM Coin USD,HZM-USD,2023-01-06,0.0010239999974146,0.0010740000288933,0.00095199997304,0.0010410000104457,0.0010410000104457,18103
HZM Coin USD,HZM-USD,2023-01-07,0.0010410000104457,0.0010489999549463,0.0009480000007897,0.0009480000007897,0.0009480000007897,12503
HZM Coin USD,HZM-USD,2023-01-08,0.0009480000007897,0.0010400000028312,0.0009480000007897,0.001010000007227,0.001010000007227,8390
HZM Coin USD,HZM-USD,2023-01-09,0.001010000007227,0.0011239999439567,0.0009629999985918,0.0010209999745711,0.0010209999745711,12101
HZM Coin USD,HZM-USD,2023-01-10,0.0010209999745711,0.0010639999527484,0.0009850000496953,0.0010199999669566,0.0010199999669566,8865
HZM Coin USD,HZM-USD,2023-01-11,0.0010199999669566,0.0010930000571534,0.0010179999517276,0.0010300000431016,0.0010300000431016,6592
HZM Coin USD,HZM-USD,2023-01-12,0.0010300000431016,0.0012860000133514,0.0010179999517276,0.0011549999471753,0.0011549999471753,8884
HZM Coin USD,HZM-USD,2023-01-13,0.0011549999471753,0.0012789999600499,0.0011210000375285,0.0011660000309348,0.0011660000309348,11755
HZM Coin USD,HZM-USD,2023-01-14,0.0011660000309348,0.0012390000047162,0.0011490000179037,0.0011869999580085,0.0011869999580085,12392
HZM Coin USD,HZM-USD,2023-01-15,0.0011869999580085,0.0012159999459981,0.0011690000537782,0.0011849999427795,0.0011849999427795,4062
HZM Coin USD,HZM-USD,2023-01-16,0.0011849999427795,0.001209000009112,0.0011279999744147,0.0011599999852478,0.0011599999852478,7583
HZM Coin USD,HZM-USD,2023-01-17,0.0011599999852478,0.0011599999852478,0.0010519999777898,0.001122000045143,0.001122000045143,7760
HZM Coin USD,HZM-USD,2023-01-18,0.001122000045143,0.0011630000080913,0.0010809999657794,0.0011119999689981,0.0011119999689981,3024
HZM Coin USD,HZM-USD,2023-01-19,0.0011119999689981,0.0012690000003203,0.0010479999473318,0.0010939999483525,0.0010939999483525,28123
HZM Coin USD,HZM-USD,2023-01-20,0.0010939999483525,0.0011540000559762,0.0010649999603629,0.001098999986425,0.001098999986425,8156
HZM Coin USD,HZM-USD,2023-01-21,0.001098999986425,0.0011599999852478,0.0010799999581649,0.0011190000222995,0.0011190000222995,4675
HZM Coin USD,HZM-USD,2023-01-22,0.0011190000222995,0.0011690000537782,0.001101000001654,0.0011660000309348,0.0011660000309348,6888
HZM Coin USD,HZM-USD,2023-01-23,0.0011660000309348,0.0011729999678209,0.0011070000473409,0.0011350000277161,0.0011350000277161,4704
HZM Coin USD,HZM-USD,2023-01-24,0.0011350000277161,0.0013589999871328,0.0011159999994561,0.0012829999905079,0.0012829999905079,30738
HZM Coin USD,HZM-USD,2023-01-25,0.0012829999905079,0.0013099999632686,0.001189999980852,0.0012529999949038,0.0012529999949038,7744
HZM Coin USD,HZM-USD,2023-01-26,0.0012529999949038,0.0013229999458417,0.0012250000145286,0.0012489999644458,0.0012489999644458,10085
HZM Coin USD,HZM-USD,2023-01-27,0.0012489999644458,0.001293999957852,0.0011840000515803,0.001211000024341,0.001211000024341,3053
HZM Coin USD,HZM-USD,2023-01-28,0.001211000024341,0.0012750000460073,0.0012019999558106,0.0012339999666437,0.0012339999666437,7103
HZM Coin USD,HZM-USD,2023-01-29,0.0012339999666437,0.0012600000482052,0.001211000024341,0.0012540000025182,0.0012540000025182,7977
HZM Coin USD,HZM-USD,2023-01-30,0.0012540000025182,0.0012649999698624,0.0010570000158622,0.0011569999624043,0.0011569999624043,23150
HZM Coin USD,HZM-USD,2023-01-31,0.0011569999624043,0.0011909999884665,0.0011360000353306,0.0011360000353306,0.0011360000353306,4297
HZM Coin USD,HZM-USD,2023-02-01,0.0011360000353306,0.00121300003957,0.0010999999940395,0.0011609999928623,0.0011609999928623,11547
HZM Coin USD,HZM-USD,2023-02-02,0.0011609999928623,0.0012080000014975,0.001122000045143,0.0011230000527575,0.0011230000527575,3886
HZM Coin USD,HZM-USD,2023-02-03,0.0011230000527575,0.0011650000233203,0.001105000032112,0.001105000032112,0.001105000032112,4886
HZM Coin USD,HZM-USD,2023-02-04,0.001105000032112,0.0011599999852478,0.001105000032112,0.0011449999874457,0.0011449999874457,4694
HZM Coin USD,HZM-USD,2023-02-05,0.0011449999874457,0.0011540000559762,0.0010910000419244,0.0010939999483525,0.0010939999483525,6211
HZM Coin USD,HZM-USD,2023-02-06,0.0010939999483525,0.0011340000201016,0.0010860000038519,0.001096999971196,0.001096999971196,1681
HZM Coin USD,HZM-USD,2023-02-07,0.001096999971196,0.0011449999874457,0.0010910000419244,0.0011249999515712,0.0011249999515712,3855
HZM Coin USD,HZM-USD,2023-02-08,0.0011249999515712,0.0011279999744147,0.0010900000343099,0.0010930000571534,0.0010930000571534,5794
HZM Coin USD,HZM-USD,2023-02-09,0.0010930000571534,0.0011239999439567,0.0010720000136643,0.0011149999918416,0.0011149999918416,5548
HZM Coin USD,HZM-USD,2023-02-10,0.0011149999918416,0.0011459999950602,0.0010600000387057,0.0010809999657794,0.0010809999657794,4037
HZM Coin USD,HZM-USD,2023-02-11,0.0010809999657794,0.001120000029914,0.0010189999593421,0.0010529999854043,0.0010529999854043,4054
HZM Coin USD,HZM-USD,2023-02-12,0.0010529999854043,0.0011139999842271,0.0010310000507161,0.0010799999581649,0.0010799999581649,1770
HZM Coin USD,HZM-USD,2023-02-13,0.0010799999581649,0.0011510000331327,0.0010689999908208,0.0011170000070706,0.0011170000070706,9975
HZM Coin USD,HZM-USD,2023-02-14,0.0011170000070706,0.0011170000070706,0.0010740000288933,0.0010860000038519,0.0010860000038519,4740
HZM Coin USD,HZM-USD,2023-02-15,0.0010860000038519,0.0011500000255182,0.0010860000038519,0.0011249999515712,0.0011249999515712,8222
HZM Coin USD,HZM-USD,2023-02-16,0.0011249999515712,0.0011520000407472,0.001101000001654,0.0011099999537691,0.0011099999537691,4582
HZM Coin USD,HZM-USD,2023-02-17,0.0011099999537691,0.0011709999525919,0.0011099999537691,0.0011540000559762,0.0011540000559762,1129
HZM Coin USD,HZM-USD,2023-02-18,0.0011540000559762,0.0011579999700188,0.0011070000473409,0.0011159999994561,0.0011159999994561,2390
HZM Coin USD,HZM-USD,2023-02-19,0.0011159999994561,0.0011680000461637,0.0011159999994561,0.0011650000233203,0.0011650000233203,8633
HZM Coin USD,HZM-USD,2023-02-20,0.0011650000233203,0.0011709999525919,0.001096999971196,0.0011559999547898,0.0011559999547898,4316
HZM Coin USD,HZM-USD,2023-02-21,0.0011559999547898,0.0011630000080913,0.0011040000244975,0.0011470000026747,0.0011470000026747,7971
HZM Coin USD,HZM-USD,2023-02-22,0.0011470000026747,0.0011609999928623,0.0010890000266954,0.001094999955967,0.001094999955967,5189
HZM Coin USD,HZM-USD,2023-02-23,0.001094999955967,0.001120000029914,0.0010849999962374,0.0010959999635815,0.0010959999635815,1159
HZM Coin USD,HZM-USD,2023-02-24,0.0010959999635815,0.0011510000331327,0.0010939999483525,0.001101000001654,0.001101000001654,3082
HZM Coin USD,HZM-USD,2023-02-25,0.001101000001654,0.0011099999537691,0.0010329999495297,0.0010359999723732,0.0010359999723732,7036
HZM Coin USD,HZM-USD,2023-02-26,0.0010359999723732,0.0011040000244975,0.0009879999561235,0.0010389999952167,0.0010389999952167,5952
HZM Coin USD,HZM-USD,2023-02-27,0.0010389999952167,0.001209000009112,0.0010369999799877,0.0011170000070706,0.0011170000070706,18839
HZM Coin USD,HZM-USD,2023-02-28,0.0011170000070706,0.0013249999610707,0.0010890000266954,0.0013249999610707,0.0013249999610707,31058
HZM Coin USD,HZM-USD,2023-03-01,0.0013259999686852,0.0014590000500902,0.0010189999593421,0.0010819999733939,0.0010819999733939,38348
HZM Coin USD,HZM-USD,2023-03-02,0.0010819999733939,0.001230000052601,0.0010819999733939,0.0010979999788105,0.0010979999788105,5736
HZM Coin USD,HZM-USD,2023-03-03,0.0010979999788105,0.0012189999688416,0.001094999955967,0.0011549999471753,0.0011549999471753,4065
HZM Coin USD,HZM-USD,2023-03-04,0.0011549999471753,0.0012100000167265,0.0011279999744147,0.0011950000189244,0.0011950000189244,4012
HZM Coin USD,HZM-USD,2023-03-05,0.0011950000189244,0.0011950000189244,0.0011279999744147,0.001189999980852,0.001189999980852,1266
HZM Coin USD,HZM-USD,2023-03-06,0.001189999980852,0.0012319999514147,0.0011739999754354,0.001206999993883,0.001206999993883,1189
HZM Coin USD,HZM-USD,2023-03-07,0.001206999993883,0.0012779999524354,0.0011759999906644,0.0012779999524354,0.0012779999524354,4704
HZM Coin USD,HZM-USD,2023-03-08,0.0012779999524354,0.0013139999937266,0.001211000024341,0.001211000024341,0.001211000024341,1288
HZM Coin USD,HZM-USD,2023-03-09,0.001211000024341,0.0012329999590292,0.0011719999602064,0.0011719999602064,0.0011719999602064,2103
HZM Coin USD,HZM-USD,2023-03-10,0.0011719999602064,0.0012209999840706,0.0011699999449774,0.0012120000319555,0.0012120000319555,2970
HZM Coin USD,HZM-USD,2023-03-11,0.001211000024341,0.0012240000069141,0.001122000045143,0.0011449999874457,0.0011449999874457,1649
HZM Coin USD,HZM-USD,2023-03-12,0.0011449999874457,0.001189999980852,0.001122000045143,0.0011299999896436,0.0011299999896436,1360
HZM Coin USD,HZM-USD,2023-03-13,0.0011299999896436,0.0011869999580085,0.0011289999820291,0.0011399999493733,0.0011399999493733,3421
HZM Coin USD,HZM-USD,2023-03-14,0.0011399999493733,0.001211000024341,0.0011390000581741,0.0011950000189244,0.0011950000189244,1442
HZM Coin USD,HZM-USD,2023-03-15,0.0011950000189244,0.0012910000514239,0.0011490000179037,0.0011650000233203,0.0011650000233203,13724
HZM Coin USD,HZM-USD,2023-03-16,0.0011650000233203,0.0011840000515803,0.0010939999483525,0.0010939999483525,0.0010939999483525,10114
HZM Coin USD,HZM-USD,2023-03-17,0.0010939999483525,0.0011680000461637,0.0010939999483525,0.0011510000331327,0.0011510000331327,24708
HZM Coin USD,HZM-USD,2023-03-18,0.0011510000331327,0.0011749999830499,0.0011350000277161,0.0011599999852478,0.0011599999852478,15995
HZM Coin USD,HZM-USD,2023-03-19,0.0011599999852478,0.0011749999830499,0.0011399999493733,0.0011620000004768,0.0011620000004768,16969
HZM Coin USD,HZM-USD,2023-03-20,0.0011620000004768,0.0012260000221431,0.0011340000201016,0.0011640000157058,0.0011640000157058,11014
HZM Coin USD,HZM-USD,2023-03-21,0.0011640000157058,0.0012080000014975,0.0011340000201016,0.0011490000179037,0.0011490000179037,10583
HZM Coin USD,HZM-USD,2023-03-22,0.0011490000179037,0.0011559999547898,0.0011190000222995,0.0011190000222995,0.0011190000222995,7138
HZM Coin USD,HZM-USD,2023-03-23,0.0011190000222995,0.0011680000461637,0.0011190000222995,0.0011429999722167,0.0011429999722167,6851
HZM Coin USD,HZM-USD,2023-03-24,0.0011429999722167,0.0011589999776333,0.001103000016883,0.0011569999624043,0.0011569999624043,5240
HZM Coin USD,HZM-USD,2023-03-25,0.0011569999624043,0.0011569999624043,0.0011020000092685,0.0011119999689981,0.0011119999689981,21443
HZM Coin USD,HZM-USD,2023-03-26,0.0011119999689981,0.0011569999624043,0.0010730000212788,0.0011230000527575,0.0011230000527575,53112
HZM Coin USD,HZM-USD,2023-03-27,0.0011230000527575,0.0011449999874457,0.0010760000441223,0.0011170000070706,0.0011170000070706,67157
HZM Coin USD,HZM-USD,2023-03-28,0.0011170000070706,0.0011279999744147,0.0010770000517368,0.0011170000070706,0.0011170000070706,94386
HZM Coin USD,HZM-USD,2023-03-29,0.0011170000070706,0.0011399999493733,0.0011040000244975,0.001122000045143,0.001122000045143,63491
HZM Coin USD,HZM-USD,2023-03-30,0.001122000045143,0.0011849999427795,0.0009660000214353,0.0010300000431016,0.0010300000431016,102103
HZM Coin USD,HZM-USD,2023-03-31,0.0010300000431016,0.0010509999701753,0.000990999978967,0.0010130000300705,0.0010130000300705,13251
HZM Coin USD,HZM-USD,2023-04-01,0.0010130000300705,0.0010470000561326,0.0010110000148415,0.0010359999723732,0.0010359999723732,4651
HZM Coin USD,HZM-USD,2023-04-02,0.0010359999723732,0.0010359999723732,0.0010039999615401,0.001005999976769,0.001005999976769,1152
HZM Coin USD,HZM-USD,2023-04-03,0.001005999976769,0.0010809999657794,0.0009879999561235,0.0010150000452995,0.0010150000452995,6335
HZM Coin USD,HZM-USD,2023-04-04,0.0010150000452995,0.0010329999495297,0.0009840000420808,0.0009940000018104,0.0009940000018104,2880
HZM Coin USD,HZM-USD,2023-04-05,0.0009940000018104,0.001012000022456,0.0008820000221021,0.0008849999867379,0.0008849999867379,2515
HZM Coin USD,HZM-USD,2023-04-06,0.0008849999867379,0.0010470000561326,0.0008820000221021,0.0009079999872483,0.0009079999872483,50731
HZM Coin USD,HZM-USD,2023-04-07,0.0009079999872483,0.0010570000158622,0.0009079999872483,0.0009689999860711,0.0009689999860711,49828
HZM Coin USD,HZM-USD,2023-04-08,0.0009689999860711,0.0010489999549463,0.0009069999796338,0.0010029999539256,0.0010029999539256,46263
HZM Coin USD,HZM-USD,2023-04-09,0.0010029999539256,0.0010339999571442,0.0009629999985918,0.0009879999561235,0.0009879999561235,44626
HZM Coin USD,HZM-USD,2023-04-10,0.0009879999561235,0.0011810000287368,0.0009570000111125,0.0010819999733939,0.0010819999733939,48389
HZM Coin USD,HZM-USD,2023-04-11,0.0010819999733939,0.0011119999689981,0.000990999978967,0.0010720000136643,0.0010720000136643,68533
HZM Coin USD,HZM-USD,2023-04-12,0.0010720000136643,0.0011409999569877,0.0009950000094249,0.0010470000561326,0.0010470000561326,76479
HZM Coin USD,HZM-USD,2023-04-13,0.0011020000092685,0.0011409999569877,0.001007999991998,0.0010189999593421,0.0010189999593421,104280
HZM Coin USD,HZM-USD,2023-04-14,0.0010189999593421,0.0010529999854043,0.0009529999806545,0.0009950000094249,0.0009950000094249,73245
HZM Coin USD,HZM-USD,2023-04-15,0.0009950000094249,0.0011589999776333,0.0009820000268518,0.0010049999691545,0.0010049999691545,94819
HZM Coin USD,HZM-USD,2023-04-16,0.0010049999691545,0.0010450000409036,0.0009469999931752,0.0009469999931752,0.0009469999931752,87884
HZM Coin USD,HZM-USD,2023-04-17,0.0009469999931752,0.001010000007227,0.0009079999872483,0.0009399999980814,0.0009399999980814,98226
HZM Coin USD,HZM-USD,2023-04-18,0.0009399999980814,0.0010410000104457,0.0009079999872483,0.0009800000116229,0.0009800000116229,98544
HZM Coin USD,HZM-USD,2023-04-19,0.0009800000116229,0.0010359999723732,0.0009570000111125,0.0009810000192373,0.0009810000192373,94006
HZM Coin USD,HZM-USD,2023-04-20,0.0009810000192373,0.0010440000332891,0.0009640000062063,0.0010260000126436,0.0010260000126436,91097
HZM Coin USD,HZM-USD,2023-04-21,0.0010260000126436,0.0010379999876022,0.0009679999784566,0.0009699999936856,0.0009699999936856,87931
HZM Coin USD,HZM-USD,2023-04-22,0.0009699999936856,0.0010349999647587,0.0009640000062063,0.0009940000018104,0.0009940000018104,89778
HZM Coin USD,HZM-USD,2023-04-23,0.0009940000018104,0.0010290000354871,0.0009120000177063,0.0009120000177063,0.0009120000177063,52119
HZM Coin USD,HZM-USD,2023-04-24,0.0009120000177063,0.0009599999757483,0.0009050000226125,0.0009270000155083,0.0009270000155083,27949
HZM Coin USD,HZM-USD,2023-04-25,0.0009270000155083,0.0009420000133104,0.0008810000144876,0.0008900000248104,0.0008900000248104,27489
HZM Coin USD,HZM-USD,2023-04-26,0.0008900000248104,0.0009239999926649,0.0008399999933317,0.0008529999759048,0.0008529999759048,32517
HZM Coin USD,HZM-USD,2023-04-27,0.0008529999759048,0.0009149999823421,0.0008399999933317,0.0008900000248104,0.0008900000248104,24989
HZM Coin USD,HZM-USD,2023-04-28,0.0008900000248104,0.0009120000177063,0.0008430000161752,0.0008859999943524,0.0008859999943524,28924
HZM Coin USD,HZM-USD,2023-04-29,0.0008859999943524,0.0009440000285394,0.000845999980811,0.0008699999889358,0.0008699999889358,43901
HZM Coin USD,HZM-USD,2023-04-30,0.0008699999889358,0.0008829999715089,0.0008430000161752,0.00084799999604,0.00084799999604,43921
HZM Coin USD,HZM-USD,2023-05-01,0.00084799999604,0.0008779999916441,0.0008399999933317,0.0008740000193938,0.0008740000193938,185509
HZM Coin USD,HZM-USD,2023-05-02,0.0008740000193938,0.0008839999791234,0.0008159999852068,0.0008410000009462,0.0008410000009462,159579
HZM Coin USD,HZM-USD,2023-05-03,0.0008410000009462,0.0008660000166855,0.0007910000276751,0.0008050000178627,0.0008050000178627,192459
HZM Coin USD,HZM-USD,2023-05-04,0.0008050000178627,0.0008350000134669,0.0007960000075399,0.0008019999950192,0.0008019999950192,183038
HZM Coin USD,HZM-USD,2023-05-05,0.0008019999950192,0.0008539999835193,0.0007869999972172,0.0007970000151544,0.0007970000151544,190307
HZM Coin USD,HZM-USD,2023-05-06,0.0007970000151544,0.0008030000026337,0.0007280000136233,0.0007290000212378,0.0007290000212378,181940
HZM Coin USD,HZM-USD,2023-05-07,0.0007290000212378,0.0007779999868944,0.0007210000185295,0.0007600000244565,0.0007600000244565,190503
HZM Coin USD,HZM-USD,2023-05-08,0.0007600000244565,0.0007600000244565,0.0007120000082068,0.0007179999956861,0.0007179999956861,183035
HZM Coin USD,HZM-USD,2023-05-09,0.0007179999956861,0.0007290000212378,0.0007019999902695,0.0007120000082068,0.0007120000082068,160910
HZM Coin USD,HZM-USD,2023-05-10,0.0007120000082068,0.0007190000033006,0.0006399999838322,0.0006769999745301,0.0006769999745301,162500
HZM Coin USD,HZM-USD,2023-05-11,0.0006769999745301,0.0006970000104047,0.0006539999740198,0.0006859999848529,0.0006859999848529,136338
HZM Coin USD,HZM-USD,2023-05-12,0.0006859999848529,0.0007280000136233,0.0006699999794363,0.0007040000054985,0.0007040000054985,63961
HZM Coin USD,HZM-USD,2023-05-13,0.0007040000054985,0.0007479999912902,0.0006919999723322,0.0007370000239461,0.0007370000239461,94505
HZM Coin USD,HZM-USD,2023-05-14,0.0007370000239461,0.0007459999760612,0.0006919999723322,0.0007110000005923,0.0007110000005923,119698
HZM Coin USD,HZM-USD,2023-05-15,0.0007110000005923,0.0007130000158213,0.0006590000120922,0.0006730000022798,0.0006730000022798,87673
HZM Coin USD,HZM-USD,2023-05-16,0.0006730000022798,0.0007239999831654,0.0006350000039674,0.000646999978926,0.000646999978926,82631
HZM Coin USD,HZM-USD,2023-05-17,0.000646999978926,0.0006810000049881,0.0006389999762177,0.000668000022415,0.000668000022415,58714
HZM Coin USD,HZM-USD,2023-05-18,0.000668000022415,0.0007169999880716,0.0006629999843426,0.0007040000054985,0.0007040000054985,51207
HZM Coin USD,HZM-USD,2023-05-19,0.0007040000054985,0.0007239999831654,0.0006779999821446,0.0006980000180192,0.0006980000180192,94947
HZM Coin USD,HZM-USD,2023-05-20,0.0006980000180192,0.000700999982655,0.000651000009384,0.0006799999973736,0.0006799999973736,73667
HZM Coin USD,HZM-USD,2023-05-21,0.0006799999973736,0.0007389999809674,0.0006649999995715,0.0006849999772384,0.0006849999772384,79263
HZM Coin USD,HZM-USD,2023-05-22,0.0006849999772384,0.0006919999723322,0.0006590000120922,0.0006689999718219,0.0006689999718219,75477
HZM Coin USD,HZM-USD,2023-05-23,0.0006689999718219,0.0006740000098943,0.0006549999816343,0.0006629999843426,0.0006629999843426,46823
HZM Coin USD,HZM-USD,2023-05-24,0.0006629999843426,0.0006750000175088,0.000646999978926,0.000651000009384,0.000651000009384,28911
HZM Coin USD,HZM-USD,2023-05-25,0.000651000009384,0.0006670000148005,0.0006450000219047,0.0006629999843426,0.0006629999843426,31836
HZM Coin USD,HZM-USD,2023-05-26,0.0006629999843426,0.0006760000251233,0.0006569999968633,0.0006649999995715,0.0006649999995715,21987
HZM Coin USD,HZM-USD,2023-05-27,0.0006649999995715,0.0006760000251233,0.000651000009384,0.0006539999740198,0.0006539999740198,42765
HZM Coin USD,HZM-USD,2023-05-28,0.0006539999740198,0.0006779999821446,0.000651000009384,0.0006590000120922,0.0006590000120922,50409
HZM Coin USD,HZM-USD,2023-05-29,0.0006590000120922,0.0006799999973736,0.0006549999816343,0.0006730000022798,0.0006730000022798,74844
HZM Coin USD,HZM-USD,2023-05-30,0.0006730000022798,0.0006799999973736,0.0006580000044777,0.0006689999718219,0.0006689999718219,76670
HZM Coin USD,HZM-USD,2023-05-31,0.0006689999718219,0.0006789999897591,0.0006339999963529,0.0006339999963529,0.0006339999963529,77536
HZM Coin USD,HZM-USD,2023-06-01,0.0006339999963529,0.0006459999713115,0.0006210000137798,0.0006370000191964,0.0006370000191964,64755
HZM Coin USD,HZM-USD,2023-06-02,0.0006370000191964,0.0006629999843426,0.0006339999963529,0.0006459999713115,0.0006459999713115,57019
HZM Coin USD,HZM-USD,2023-06-03,0.0006459999713115,0.0006539999740198,0.0006329999887384,0.0006430000066757,0.0006430000066757,50627
HZM Coin USD,HZM-USD,2023-06-04,0.0006430000066757,0.0006539999740198,0.0006360000115819,0.0006399999838322,0.0006399999838322,35799
HZM Coin USD,HZM-USD,2023-06-05,0.0006399999838322,0.000646999978926,0.0006239999784156,0.0006300000241026,0.0006300000241026,50097
HZM Coin USD,HZM-USD,2023-06-06,0.0006300000241026,0.0006389999762177,0.0006179999909363,0.0006249999860301,0.0006249999860301,36814
HZM Coin USD,HZM-USD,2023-06-07,0.0006249999860301,0.0006319999811239,0.0006169999833218,0.0006259999936446,0.0006259999936446,29107
HZM Coin USD,HZM-USD,2023-06-08,0.0006259999936446,0.0006350000039674,0.0006189999985508,0.0006270000012591,0.0006270000012591,23768
HZM Coin USD,HZM-USD,2023-06-09,0.0006270000012591,0.0006419999990612,0.0006179999909363,0.0006239999784156,0.0006239999784156,10337
HZM Coin USD,HZM-USD,2023-06-10,0.0006239999784156,0.0006520000169984,0.000612000003457,0.0006290000164881,0.0006290000164881,28573
HZM Coin USD,HZM-USD,2023-06-11,0.0006290000164881,0.0006399999838322,0.0006220000213943,0.0006350000039674,0.0006350000039674,26578
HZM Coin USD,HZM-USD,2023-06-12,0.0006350000039674,0.0006350000039674,0.0005920000257901,0.0005970000056549,0.0005970000056549,49169
HZM Coin USD,HZM-USD,2023-06-13,0.0005970000056549,0.0006230000290088,0.0005879999953322,0.000607999972999,0.000607999972999,25947
HZM Coin USD,HZM-USD,2023-06-14,0.000607999972999,0.0006189999985508,0.0006040000007487,0.0006070000235922,0.0006070000235922,21533
HZM Coin USD,HZM-USD,2023-06-15,0.0006070000235922,0.000612000003457,0.000592999975197,0.0006000000284984,0.0006000000284984,12789
HZM Coin USD,HZM-USD,2023-06-16,0.0006000000284984,0.000607999972999,0.000594999990426,0.0006019999855197,0.0006019999855197,12065
HZM Coin USD,HZM-USD,2023-06-17,0.0006019999855197,0.0006259999936446,0.0005820000078529,0.0006109999958425,0.0006109999958425,16996
HZM Coin USD,HZM-USD,2023-06-18,0.0006109999958425,0.0006220000213943,0.0005779999773949,0.0005990000208839,0.0005990000208839,20607
HZM Coin USD,HZM-USD,2023-06-19,0.0005990000208839,0.0006220000213943,0.0005890000029467,0.0006130000110715,0.0006130000110715,32317
HZM Coin USD,HZM-USD,2023-06-20,0.0006130000110715,0.0006200000061653,0.0006070000235922,0.0006130000110715,0.0006130000110715,12102
HZM Coin USD,HZM-USD,2023-06-21,0.0006130000110715,0.0006339999963529,0.0006040000007487,0.0006189999985508,0.0006189999985508,23786
HZM Coin USD,HZM-USD,2023-06-22,0.0006189999985508,0.0007210000185295,0.0006169999833218,0.0007040000054985,0.0007040000054985,56935
HZM Coin USD,HZM-USD,2023-06-23,0.0007040000054985,0.0007079999777488,0.0006259999936446,0.000702999997884,0.000702999997884,30372
HZM Coin USD,HZM-USD,2023-06-24,0.000702999997884,0.0007280000136233,0.0006549999816343,0.0006619999767281,0.0006619999767281,14439
HZM Coin USD,HZM-USD,2023-06-25,0.0006619999767281,0.000668000022415,0.000648999994155,0.0006569999968633,0.0006569999968633,36660
HZM Coin USD,HZM-USD,2023-06-26,0.0006569999968633,0.0006619999767281,0.0006389999762177,0.0006479999865405,0.0006479999865405,7811
HZM Coin USD,HZM-USD,2023-06-27,0.0006479999865405,0.0006709999870508,0.0006450000219047,0.0006699999794363,0.0006699999794363,40397
HZM Coin USD,HZM-USD,2023-06-28,0.0006699999794363,0.0006750000175088,0.000651000009384,0.0006530000246129,0.0006530000246129,53578
HZM Coin USD,HZM-USD,2023-06-29,0.0006530000246129,0.0006549999816343,0.0006380000268109,0.0006459999713115,0.0006459999713115,7174
HZM Coin USD,HZM-USD,2023-06-30,0.0006459999713115,0.0006459999713115,0.0006210000137798,0.0006220000213943,0.0006220000213943,2651
HZM Coin USD,HZM-USD,2023-07-01,0.0006220000213943,0.0006220000213943,0.0006029999931342,0.0006029999931342,0.0006029999931342,7506
HZM Coin USD,HZM-USD,2023-07-02,0.0006029999931342,0.0006040000007487,0.0005789999850094,0.0005900000105611,0.0005900000105611,7710
HZM Coin USD,HZM-USD,2023-07-03,0.0005900000105611,0.0006150000263005,0.0005520000122487,0.0005820000078529,0.0005820000078529,6763
HZM Coin USD,HZM-USD,2023-07-04,0.0005820000078529,0.0006249999860301,0.0005820000078529,0.000612000003457,0.000612000003457,6541
HZM Coin USD,HZM-USD,2023-07-05,0.000612000003457,0.0006380000268109,0.0005849999724887,0.0006009999779053,0.0006009999779053,22933
HZM Coin USD,HZM-USD,2023-07-06,0.0006009999779053,0.0006360000115819,0.0005830000154674,0.000607999972999,0.000607999972999,35214
HZM Coin USD,HZM-USD,2023-07-07,0.000607999972999,0.0006290000164881,0.0005820000078529,0.0006040000007487,0.0006040000007487,23539
HZM Coin USD,HZM-USD,2023-07-08,0.0006040000007487,0.000614000018686,0.0005900000105611,0.0006009999779053,0.0006009999779053,24628
HZM Coin USD,HZM-USD,2023-07-09,0.0006009999779053,0.0006230000290088,0.0005779999773949,0.0005980000132694,0.0005980000132694,21410
HZM Coin USD,HZM-USD,2023-07-10,0.0005980000132694,0.0006230000290088,0.0005920000257901,0.0005939999828115,0.0005939999828115,18359
HZM Coin USD,HZM-USD,2023-07-11,0.0005939999828115,0.0006329999887384,0.0005849999724887,0.0006259999936446,0.0006259999936446,29856
HZM Coin USD,HZM-USD,2023-07-12,0.0006259999936446,0.0006309999735094,0.0005970000056549,0.0005970000056549,0.0005970000056549,29533
HZM Coin USD,HZM-USD,2023-07-13,0.0005970000056549,0.000612000003457,0.0005840000230818,0.0005910000181756,0.0005910000181756,28547
HZM Coin USD,HZM-USD,2023-07-14,0.0005910000181756,0.0005959999980404,0.0005840000230818,0.0005879999953322,0.0005879999953322,25769
HZM Coin USD,HZM-USD,2023-07-15,0.0005879999953322,0.0005900000105611,0.0005789999850094,0.0005820000078529,0.0005820000078529,23643
HZM Coin USD,HZM-USD,2023-07-16,0.0005820000078529,0.0005920000257901,0.0005370000144466,0.000560000014957,0.000560000014957,33237
HZM Coin USD,HZM-USD,2023-07-17,0.000560000014957,0.0006009999779053,0.0005469999741762,0.0005770000279881,0.0005770000279881,23749
HZM Coin USD,HZM-USD,2023-07-18,0.0005770000279881,0.0005820000078529,0.0005179999861866,0.0005179999861866,0.0005179999861866,15544
HZM Coin USD,HZM-USD,2023-07-19,0.0005179999861866,0.0005649999948218,0.0004720000142697,0.0005109999910928,0.0005109999910928,15774
HZM Coin USD,HZM-USD,2023-07-20,0.0005109999910928,0.0005239999736659,0.0004980000085197,0.0005099999834783,0.0005099999834783,5482
HZM Coin USD,HZM-USD,2023-07-21,0.0005099999834783,0.0005130000063218,0.0004949999856762,0.0005009999731555,0.0005009999731555,2958
HZM Coin USD,HZM-USD,2023-07-22,0.0005009999731555,0.00050199998077,0.0004830000107176,0.0004980000085197,0.0004980000085197,2813
HZM Coin USD,HZM-USD,2023-07-23,0.0004980000085197,0.0005089999758638,0.0004440000047907,0.0004689999914262,0.0004689999914262,3760
HZM Coin USD,HZM-USD,2023-07-24,0.0004689999914262,0.0004879999905824,0.0004609999887179,0.0004830000107176,0.0004830000107176,3401
HZM Coin USD,HZM-USD,2023-07-25,0.0004830000107176,0.0004830000107176,0.0004569999873638,0.0004769999941345,0.0004769999941345,2479
HZM Coin USD,HZM-USD,2023-07-26,0.0004769999941345,0.0004849999968428,0.0004480000061448,0.0004480000061448,0.0004480000061448,1395
HZM Coin USD,HZM-USD,2023-07-27,0.0004480000061448,0.0004769999941345,0.0004480000061448,0.0004509999998845,0.0004509999998845,1147
HZM Coin USD,HZM-USD,2023-07-28,0.0004509999998845,0.0004920000210404,0.0004320000007282,0.0004920000210404,0.0004920000210404,5077
HZM Coin USD,HZM-USD,2023-07-29,0.0004920000210404,0.0004949999856762,0.0004609999887179,0.0004949999856762,0.0004949999856762,3934
HZM Coin USD,HZM-USD,2023-07-30,0.0004949999856762,0.0004959999932907,0.0004330000083427,0.0004630000039469,0.0004630000039469,3555
HZM Coin USD,HZM-USD,2023-07-31,0.0004630000039469,0.0004959999932907,0.0004509999998845,0.0004790000093635,0.0004790000093635,3019
HZM Coin USD,HZM-USD,2023-08-01,0.0004790000093635,0.0004860000044573,0.0004220000118948,0.0004260000132489,0.0004260000132489,1432
HZM Coin USD,HZM-USD,2023-08-02,0.0004260000132489,0.0004370000096969,0.0004079999926034,0.000413000001572,0.000413000001572,2667
HZM Coin USD,HZM-USD,2023-08-03,0.000413000001572,0.0004299999854993,0.0004119999939575,0.0004250000056345,0.0004250000056345,903
HZM Coin USD,HZM-USD,2023-08-04,0.0004250000056345,0.0004349999944679,0.0004100000078324,0.0004250000056345,0.0004250000056345,3723
HZM Coin USD,HZM-USD,2023-08-05,0.0004250000056345,0.0004459999909158,0.0004220000118948,0.0004330000083427,0.0004330000083427,4495
HZM Coin USD,HZM-USD,2023-08-06,0.0004330000083427,0.0004569999873638,0.0004250000056345,0.0004560000088531,0.0004560000088531,3900
HZM Coin USD,HZM-USD,2023-08-07,0.0004560000088531,0.0004560000088531,0.0003929999948013,0.0003980000037699,0.0003980000037699,5459
HZM Coin USD,HZM-USD,2023-08-08,0.0003980000037699,0.0004290000069886,0.0003889999934472,0.0004290000069886,0.0004290000069886,2906
HZM Coin USD,HZM-USD,2023-08-09,0.0004290000069886,0.000441000011051,0.0004180000105407,0.0004360000020824,0.0004360000020824,5196
HZM Coin USD,HZM-USD,2023-08-10,0.0004360000020824,0.0004569999873638,0.0004269999917596,0.0004370000096969,0.0004370000096969,6800
HZM Coin USD,HZM-USD,2023-08-11,0.0004370000096969,0.0004400000034365,0.0004140000091865,0.0004260000132489,0.0004260000132489,7193
HZM Coin USD,HZM-USD,2023-08-12,0.0004260000132489,0.0005239999736659,0.0004199999966658,0.0004450000124052,0.0004450000124052,33472
HZM Coin USD,HZM-USD,2023-08-13,0.0004450000124052,0.0005099999834783,0.0004279999993741,0.0004529999860096,0.0004529999860096,15447
HZM Coin USD,HZM-USD,2023-08-14,0.0004529999860096,0.0004619999963324,0.0004159999953117,0.0004480000061448,0.0004480000061448,12735
HZM Coin USD,HZM-USD,2023-08-15,0.0004480000061448,0.0004750000080093,0.0004229999904055,0.000438999995822,0.000438999995822,18674
HZM Coin USD,HZM-USD,2023-08-16,0.000438999995822,0.0004400000034365,0.0004229999904055,0.0004320000007282,0.0004320000007282,6989
HZM Coin USD,HZM-USD,2023-08-17,0.0004320000007282,0.0004370000096969,0.0004149999876972,0.0004170000029262,0.0004170000029262,6045
HZM Coin USD,HZM-USD,2023-08-18,0.0004170000029262,0.0004220000118948,0.0003950000100303,0.0003950000100303,0.0003950000100303,5184
HZM Coin USD,HZM-USD,2023-08-19,0.0003950000100303,0.000410999986343,0.0003910000086762,0.0004060000064782,0.0004060000064782,2606
HZM Coin USD,HZM-USD,2023-08-20,0.0004070000140927,0.0004070000140927,0.0003940000024158,0.0003999999898951,0.0003999999898951,1189
HZM Coin USD,HZM-USD,2023-08-21,0.0003999999898951,0.0003999999898951,0.0003729999880306,0.0003800000122282,0.0003800000122282,2500
HZM Coin USD,HZM-USD,2023-08-22,0.0003800000122282,0.0003969999961555,0.0003800000122282,0.0003940000024158,0.0003940000024158,1871
HZM Coin USD,HZM-USD,2023-08-23,0.0003940000024158,0.0004229999904055,0.0003739999956451,0.0003969999961555,0.0003969999961555,2241
HZM Coin USD,HZM-USD,2023-08-24,0.0003969999961555,0.0004100000078324,0.0003900000010617,0.0003940000024158,0.0003940000024158,4000
HZM Coin USD,HZM-USD,2023-08-25,0.0003940000024158,0.0004020000051241,0.0003910000086762,0.0003969999961555,0.0003969999961555,4688
HZM Coin USD,HZM-USD,2023-08-26,0.0003969999961555,0.0004009999975096,0.0003819999983534,0.0003889999934472,0.0003889999934472,4063
HZM Coin USD,HZM-USD,2023-08-27,0.0003889999934472,0.0004079999926034,0.0003819999983534,0.0004009999975096,0.0004009999975096,12426
HZM Coin USD,HZM-USD,2023-08-28,0.0004009999975096,0.0004070000140927,0.0003940000024158,0.0003950000100303,0.0003950000100303,3655
HZM Coin USD,HZM-USD,2023-08-29,0.0003950000100303,0.0004070000140927,0.0003910000086762,0.0003990000113844,0.0003990000113844,3211
HZM Coin USD,HZM-USD,2023-08-30,0.0003990000113844,0.00042399999802,0.0003990000113844,0.0004100000078324,0.0004100000078324,3211
HZM Coin USD,HZM-USD,2023-08-31,0.0004100000078324,0.00042399999802,0.0003980000037699,0.0004199999966658,0.0004199999966658,6003
HZM Coin USD,HZM-USD,2023-09-01,0.0004199999966658,0.0004250000056345,0.0004060000064782,0.0004149999876972,0.0004149999876972,5185
HZM Coin USD,HZM-USD,2023-09-02,0.0004149999876972,0.0004210000042803,0.0003800000122282,0.000387000007322,0.000387000007322,5008
HZM Coin USD,HZM-USD,2023-09-03,0.000387000007322,0.0004849999968428,0.0003760000108741,0.0004689999914262,0.0004689999914262,13010
HZM Coin USD,HZM-USD,2023-09-04,0.0004689999914262,0.0006600000197067,0.0004590000025928,0.0006549999816343,0.0006549999816343,22185
HZM Coin USD,HZM-USD,2023-09-05,0.0006549999816343,0.0006590000120922,0.0005210000090301,0.000557999999728,0.000557999999728,14624
HZM Coin USD,HZM-USD,2023-09-06,0.000557999999728,0.0006150000263005,0.0005370000144466,0.0006040000007487,0.0006040000007487,9580
HZM Coin USD,HZM-USD,2023-09-07,0.0006040000007487,0.0006220000213943,0.0005830000154674,0.0006000000284984,0.0006000000284984,14939
HZM Coin USD,HZM-USD,2023-09-08,0.0006000000284984,0.0006280000088736,0.0005619999719783,0.0005680000176653,0.0005680000176653,5571
HZM Coin USD,HZM-USD,2023-09-09,0.0005680000176653,0.0006419999990612,0.0005680000176653,0.0006029999931342,0.0006029999931342,8423
HZM Coin USD,HZM-USD,2023-09-10,0.0006029999931342,0.0006200000061653,0.0005569999921135,0.0005959999980404,0.0005959999980404,9353
HZM Coin USD,HZM-USD,2023-09-11,0.0005959999980404,0.0006130000110715,0.0005339999916031,0.0005629999795928,0.0005629999795928,8790
HZM Coin USD,HZM-USD,2023-09-12,0.0005629999795928,0.0006179999909363,0.0005629999795928,0.0006019999855197,0.0006019999855197,6955
HZM Coin USD,HZM-USD,2023-09-13,0.0006019999855197,0.0006109999958425,0.0005939999828115,0.0005959999980404,0.0005959999980404,11183
HZM Coin USD,HZM-USD,2023-09-14,0.0005964211304672,0.0006023502792231,0.0005933190695941,0.0006008591153658,0.0006008591153658,12037
HZM Coin USD,HZM-USD,2023-09-15,0.0006039414438419,0.0006101601757109,0.0005805608234368,0.000602519896347,0.000602519896347,15811
HZM Coin USD,HZM-USD,2023-09-16,0.000606499845162,0.0006081045721657,0.0005828041466884,0.0005863722180947,0.0005863722180947,8933
HZM Coin USD,HZM-USD,2023-09-17,0.0005864042905159,0.0005967602482996,0.0005851610912941,0.0005873825866729,0.0005873825866729,7552
HZM Coin USD,HZM-USD,2023-09-18,0.0005874128546565,0.0005970440688543,0.0005784400273114,0.0005941076087765,0.0005941076087765,8789
HZM Coin USD,HZM-USD,2023-09-19,0.0005923658027313,0.0006100447499193,0.0005840468220412,0.000606766436249,0.000606766436249,9920
HZM Coin USD,HZM-USD,2023-09-20,0.0006069278460927,0.0006131650297902,0.0006025147158652,0.0006083432235755,0.0006083432235755,4142
HZM Coin USD,HZM-USD,2023-09-21,0.0006081913597881,0.0006149584660306,0.0005425349227152,0.0006013286765664,0.0006013286765664,6167
HZM Coin USD,HZM-USD,2023-09-24,0.0006113578565418,0.000617204059381,0.0006095742573961,0.0006143116042949,0.0006143116042949,7256
HZM Coin USD,HZM-USD,2023-09-22,0.0006009999779053,0.0006130000110715,0.0006009999779053,0.000612000003457,0.000612000003457,739
HZM Coin USD,HZM-USD,2023-09-23,0.000612000003457,0.0006580000044777,0.0006009999779053,0.0006109999958425,0.0006109999958425,6762
HZM Coin USD,HZM-USD,2023-09-25,0.0005999034037813,0.0006021808367222,0.0005956186214461,0.0006016526604071,0.0006016526604071,4680
HZM Coin USD,HZM-USD,2023-09-26,0.0006001372239552,0.0006024144240655,0.0005857697105966,0.0005965952877886,0.0005965952877886,3867
HZM Coin USD,HZM-USD,2023-09-27,0.0005966073367744,0.000599073653575,0.0005868995212949,0.0005932216299697,0.0005932216299697,2309
HZM Coin USD,HZM-USD,2023-09-28,0.0005928368191234,0.0005935290828347,0.0005789359565824,0.0005789641290903,0.0005789641290903,4315
HZM Coin USD,HZM-USD,2023-09-29,0.0005789618007838,0.0006346759037114,0.0005788943963125,0.0006286430289037,0.0006286430289037,6735
HZM Coin USD,HZM-USD,2023-09-30,0.0006347448215819,0.0006598306354135,0.0006161641213111,0.0006558014429174,0.0006558014429174,11809
HZM Coin USD,HZM-USD,2023-10-01,0.0006468220381066203,0.000682454148773104,0.0006376735982485116,0.0006641099462285638,0.0006641099462285638,8093
